Q9H0K1_K53_T175	122	-0.263512832223693	0.6676	0.0115	0.3209	1	0	0.000526315789473684	0.00105263157894737	0.000789473684210527	0.1992	0.2575	0.22835	0.995894736842105	0.996894736842105	0.996394736842105
P84243_K10_K5	5	0.41356148317256	0.5508	0.1767	0.2726	1	1	0.00315789473684211	0.00421052631578947	0.00368421052631579	0.3203	0.5391	0.4297	0.180263157894737	0.343473684210526	0.261868421052632
Q14524_R513_S516	3	8.20429301305743	0.0064	0.9100	0.0836	1	1	0.173684210526316	0.602105263157895	0.387894736842106	0.7412	0.8349	0.78805	0.0501578947368421	0.393421052631579	0.221789473684211
Q13541_T70_S65	5	0.104243341934856	0.9293	0.0108	0.0599	1	1	0.00210526315789474	0.00473684210526316	0.00342105263157895	0.0876	0.1369	0.11225	0.998473684210526	0.998947368421053	0.998710526315789
P25490_S184_K183	1	20.3968864260482	0.0051	0.9913	0.0037	0	1	0.0821052631578947	0.148947368421053	0.115526315789474	0.6895	0.7254	0.70745	0.527842105263158	0.621842105263158	0.574842105263158
P35222_S37_S33	4	3.69777375613754	0.1953	0.8006	0.0041	0	1	0.000526315789473684	0.00210526315789474	0.00131578947368421	0.0219	0.0368	0.02935	1	1	1
P04637_T18_S20	2	5.20973806315389	0.0971	0.8544	0.0485	1	0	0.0368421052631579	0.107894736842105	0.0723684210526314	0.5003	0.7481	0.6242	0.619526315789474	0.975947368421053	0.797736842105263
Q92934_R94_S99	5	6.0236554260737	0.9581	0.0419	0.0000	1	1	0	0	0	0.2473	0.2473	0.2473	0.998526315789474	0.999052631578947	0.99878947368421
Q9HAW4_S30_S34	4	44.6281057802804	0.4790	0.5130	0.0080	0	1	0.00421052631578947	0.0068421052631579	0.00552631578947368	0.0214	0.0243	0.02285	0.997315789473684	0.997315789473684	0.997315789473684
P30307_T67_S216	149	-0.256509977178792	0.0684	0.5921	0.3395	0	0	0.00368421052631579	0.0315789473684211	0.0176315789473684	0.4391	0.6633	0.5512	0.702157894736842	0.902842105263158	0.8025
Q12778_R251_S256	5	0.750861464008106	0.2102	0.6234	0.1664	0	1	0	0	0	0.1000	0.1513	0.12565	0.998105263157895	0.999526315789474	0.998815789473684
P04637_S37_S46	9	0.631656891185614	0.0741	0.8789	0.0470	0	1	0.149473684210526	0.317894736842105	0.233684210526315	0.8021	0.8229	0.8125	0.328789473684211	0.506789473684211	0.417789473684211
P04637_K372_K373	1	5.44073002234663	0.0930	0.8861	0.0210	0	1	0.0305263157894737	0.0342105263157895	0.0323684210526316	0.6488	0.6556	0.6522	0.865368421052632	0.889157894736842	0.877263157894737
P06401_S294_K388	94	-0.190085517381171	0.0265	0.9647	0.0088	1	0	0.00421052631578947	0.0157894736842105	0.00999999999999998	0.5179	0.5617	0.5398	0.986473684210526	0.993	0.989736842105263
Q9Y6Q9_S505_K786	281	-0.0311712772281724	0.2199	0.6678	0.1123	0	0	0	0.0221052631578947	0.0110526315789474	0.0793	0.2137	0.1465	0.913631578947368	0.985947368421053	0.949789473684211
P10275_S516_S651	135	-0.131822079424049	0.0244	0.7498	0.2258	0	0	0.06	0.0931578947368421	0.0765789473684211	0.6055	0.8055	0.7055	0.00115789473684211	0.0100526315789474	0.00560526315789474
Q06413_S396_K391	5	5.44295125394224	0.3440	0.6525	0.0036	0	1	0.00105263157894737	0.00210526315789474	0.00157894736842105	0.2211	0.2211	0.2211	0.988368421052631	0.994157894736842	0.991263157894737
P35222_S45_T41	4	1.28778490157175	0.1801	0.7999	0.0200	0	1	0.00473684210526316	0.0121052631578947	0.00842105263157893	0.0462	0.1521	0.09915	0.905947368421053	0.950473684210526	0.928210526315789
Q01094_K185_K125	60	-0.168717777587887	0.2510	0.0705	0.6785	0	0	0.00157894736842105	0.00578947368421053	0.00368421052631579	0.1413	0.3000	0.22065	0.846789473684211	1	0.923394736842105
P04637_K372_K382	10	1.51213626405743	0.0986	0.8830	0.0184	0	1	0.01	0.0342105263157895	0.0221052631578947	0.4233	0.6556	0.53945	0.889157894736842	0.903	0.896078947368421
P25490_S184_K182	2	16.2166337170116	0.0051	0.9917	0.0032	0	1	0.0821052631578947	0.19578947368421	0.138947368421052	0.6895	0.7324	0.71095	0.527842105263158	0.758157894736842	0.643
P84243_K5_K24	19	-0.381240623190904	0.5519	0.0243	0.4238	1	1	0.00157894736842105	0.00421052631578947	0.00289473684210526	0.3203	0.3203	0.3203	0.180263157894737	0.770947368421053	0.475605263157895
P31749_T305_T308	3	0.37216030131058	0.7692	0.0265	0.2043	1	1	0.00210526315789474	0.0252631578947368	0.0136842105263158	0.3019	0.5998	0.45085	0.672105263157895	0.915052631578947	0.793578947368421
P04637_S37_S15	22	-0.21430764750942	0.0848	0.8375	0.0777	0	0	0.00368421052631579	0.149473684210526	0.0765789473684209	0.4512	0.8021	0.62665	0.506789473684211	0.99821052631579	0.7525
P17676_T235_R3	232	-0.411275804078523	0.0575	0.8530	0.0895	0	0	0.0694736842105263	0.0994736842105263	0.0844736842105263	0.1134	0.7396	0.4265	0.998263157894737	0.999842105263158	0.999052631578947
P84022_S204_T179	25	0.682735357714446	0.1623	0.5736	0.2641	0	1	0.0494736842105263	0.0536842105263158	0.0515789473684211	0.6023	0.8560	0.72915	0.133526315789474	0.442473684210526	0.288
P41235_Y23_Y288	265	-0.398940823016945	0.0066	0.8582	0.1353	0	0	0.0126315789473684	0.0626315789473684	0.0376315789473684	0.3684	0.5750	0.4717	0.0549473684210526	0.986526315789474	0.520736842105263
P25963_S32_S36	4	2.36724309219054	0.0118	0.9856	0.0026	0	1	0	0	0	0.1411	0.2362	0.18865	0.998578947368421	0.998578947368421	0.998578947368421
P04637_T377_K373	4	1.96363725113891	0.0710	0.8937	0.0353	0	1	0.0305263157894737	0.315263157894737	0.172894736842105	0.4566	0.6488	0.5527	0.289	0.865368421052632	0.577184210526316
Q04206_K310_K314	4	7.7441964592289	0.0612	0.9040	0.0349	0	1	0.0536842105263158	0.0873684210526316	0.0705263157894737	0.7096	0.7322	0.7209	0.172684210526316	0.912368421052631	0.542526315789474
Q14457_S93_S96	3	4.9383213011024	0.2793	0.5310	0.1897	0	1	0.104210526315789	0.12	0.112105263157895	0.5575	0.6846	0.62105	0.593315789473684	0.680157894736842	0.636736842105263
P06400_K810_S807	3	16.2946761908185	0.1876	0.6890	0.1234	1	1	0	0.00368421052631579	0.00184210526315789	0.3144	0.6027	0.45855	0.914368421052632	1	0.957184210526316
P04637_S149_T155	6	1.51788216649302	0.1421	0.5973	0.2606	1	1	0.108947368421053	0.113157894736842	0.111052631578948	0.4938	0.6896	0.5917	0.416263157894737	0.869	0.642631578947368
Q01094_K185_K117	68	-0.35636086727282	0.1513	0.0705	0.7783	0	0	0.00157894736842105	0.0278947368421053	0.0147368421052632	0.1413	0.5374	0.33935	0.891736842105263	1	0.945868421052632
P84243_R9_K10	1	8.55636547594096	0.7584	0.1672	0.0744	1	1	0.00315789473684211	0.00894736842105263	0.00605263157894737	0.5391	0.8790	0.70905	0.137315789473684	0.343473684210526	0.240394736842105
P30307_T130_S198	68	-0.24572559510082	0.0895	0.8266	0.0838	0	0	0.0136842105263158	0.103684210526316	0.0586842105263159	0.5877	0.7425	0.6651	0.950052631578947	0.994578947368421	0.972315789473684
Q13002_S868_K886	18	-0.1167630695216	0.0755	0.7805	0.1440	0	0	0.0368421052631579	0.0994736842105263	0.0681578947368421	0.5845	0.7426	0.66355	0.613789473684211	0.847473684210526	0.730631578947369
P16104_Y143_S140	3	6.06030556203754	0.0251	0.9342	0.0407	0	1	0.00473684210526316	0.0284210526315789	0.016578947368421	0.5197	0.6701	0.5949	0.243947368421053	0.264	0.253973684210526
P30307_S214_S216	2	16.508788893612	0.3750	0.6060	0.0190	1	1	0.0268421052631579	0.0315789473684211	0.0292105263157895	0.3712	0.4391	0.40515	0.702157894736842	0.727578947368421	0.714868421052632
P24864_T395_S399	4	7.56859717391367	0.1307	0.8659	0.0034	0	1	0	0	0	0.0755	0.0876	0.08155	0.999157894736842	1	0.999578947368421
P25490_S180_K178	2	4.83762851164721	0.0034	0.9903	0.0063	0	1	0.112631578947368	0.291052631578947	0.201842105263157	0.6431	0.6679	0.6555	0.424052631578947	0.883631578947369	0.653842105263158
Q04206_S536_K310	226	-0.292896014497597	0.0586	0.9058	0.0356	0	0	0.00473684210526316	0.0536842105263158	0.0292105263157895	0.1573	0.7096	0.43345	0.172684210526316	0.971789473684211	0.572236842105263
P07948_Y316_Y508	192	0.0159533376641242	0.4553	0.0659	0.4788	0	0	0	0.00631578947368421	0.00315789473684211	0.2557	0.3524	0.30405	0.927157894736842	0.999842105263158	0.9635
P25054_S1505_S1501	4	16.6175574445035	0.4553	0.5418	0.0029	1	1	0	0	0	0.2304	0.2685	0.24945	0.999526315789474	0.999578947368421	0.999552631578947
P37231_S112_K107	5	1.57899131677051	0.0715	0.8630	0.0655	0	1	0.0115789473684211	0.0531578947368421	0.0323684210526316	0.4800	0.8484	0.6642	0.976631578947369	0.998947368421053	0.987789473684211
P01100_S374_T325	49	-0.40415176039769	0.1528	0.7725	0.0746	0	1	0.00105263157894737	0.00263157894736842	0.00184210526315789	0.0518	0.5365	0.29415	0.995052631578947	0.998736842105263	0.996894736842105
P31749_T312_T308	4	1.90686370579228	0.9673	0.0121	0.0205	1	1	0.00210526315789474	0.00263157894736842	0.00236842105263158	0.3019	0.3660	0.33395	0.915052631578947	0.986052631578948	0.950552631578947
Q9UBK2_T299_T295	4	7.00384853235846	0.3420	0.6570	0.0010	0	1	0.00105263157894737	0.00157894736842105	0.00131578947368421	0.2255	0.5496	0.38755	0.998736842105263	0.998736842105263	0.998736842105263
Q12778_R253_S256	3	1.90740653657003	0.2354	0.6458	0.1188	0	1	0	0	0	0.0716	0.1513	0.11145	0.998052631578948	0.999526315789474	0.998789473684211
Q9UHP3_K141_K99	42	0.145017655071526	0.1352	0.8254	0.0394	0	0	0.0221052631578947	0.0221052631578947	0.0221052631578947	0.5169	0.5329	0.5249	0.997578947368421	0.999684210526316	0.998631578947368
Q13263_S824_K779	45	-0.269965377178512	0.0132	0.9450	0.0418	0	0	0.0121052631578947	0.0331578947368421	0.0226315789473684	0.4042	0.4739	0.43905	0.165105263157895	0.72621052631579	0.445657894736842
P05412_S63_K226	163	-0.163179875758423	0.2012	0.6142	0.1846	1	0	0.000526315789473684	0.0305263157894737	0.0155263157894737	0.5341	0.6869	0.6105	0.997473684210526	0.999736842105263	0.998605263157895
Q99741_K105_S106	1	9.40145118152297	0.0288	0.9493	0.0219	0	1	0.0226315789473684	0.204210526315789	0.113421052631579	0.4733	0.7161	0.5947	0.395473684210526	0.854842105263158	0.625157894736842
P48551_S364_K399	35	0.373734208373881	0.0457	0.7348	0.2195	0	1	0.285789473684211	0.368421052631579	0.327105263157895	0.6403	0.6884	0.66435	0.034421052631579	0.346105263157895	0.190263157894737
P05106_Y773_Y785	12	2.93923382600235	0.1653	0.7686	0.0661	1	1	0.00105263157894737	0.0110526315789474	0.00605263157894739	0.2238	0.2850	0.2544	0.945526315789473	0.970526315789474	0.958026315789474
P03372_S305_S118	187	-0.121303539887499	0.0620	0.7211	0.2169	0	0	0.00789473684210526	0.236315789473684	0.122105263157895	0.3146	0.7609	0.53775	0.666368421052632	0.915421052631579	0.790894736842105
P05412_S73_K226	153	0.225615898005476	0.2451	0.6016	0.1533	1	0	0.000526315789473684	0.00263157894736842	0.00157894736842105	0.2164	0.5341	0.37525	0.999736842105263	1	0.999868421052632
P04637_T387_K382	5	3.13276136473455	0.0332	0.8881	0.0787	0	1	0.01	0.255263157894737	0.132631578947369	0.4233	0.6654	0.54435	0.0932105263157895	0.903	0.498105263157895
Q92731_S6_K4	2	5.52721757678399	0.0596	0.9376	0.0028	0	1	0.00368421052631579	0.00736842105263158	0.00552631578947368	0.2427	0.3684	0.30555	0.998157894736842	0.999684210526316	0.998921052631579
Q99741_K109_S106	3	5.6022202733264	0.0329	0.9452	0.0219	0	1	0.0226315789473684	0.0489473684210526	0.0357894736842105	0.4733	0.5553	0.5143	0.348947368421053	0.854842105263158	0.601894736842105
P03372_S294_S341	47	0.0230099101102821	0.0830	0.6006	0.3165	0	0	0.0331578947368421	0.164736842105263	0.0989473684210525	0.4014	0.8048	0.6031	0.760421052631579	0.983	0.871710526315789
P84243_K10_K24	14	-0.164446276958407	0.7945	0.0223	0.1832	1	1	0.00157894736842105	0.00315789473684211	0.00236842105263158	0.3203	0.5391	0.4297	0.343473684210526	0.770947368421053	0.557210526315789
P04637_S215_S392	177	-0.391642231748386	0.1058	0.1298	0.7644	0	0	0.00315789473684211	0.00315789473684211	0.00315789473684211	0.2128	0.2201	0.21645	0.999789473684211	1	0.999894736842105
Q01094_K185_S364	179	-0.272706072485976	0.0565	0.0696	0.8739	0	0	0.00157894736842105	0.541052631578947	0.271315789473684	0.1413	0.7656	0.45345	0.224473684210526	1	0.612236842105263
P62805_K6_R4	2	3.73845644156584	0.5289	0.4289	0.0422	0	1	0.00789473684210526	0.00947368421052631	0.00868421052631578	0.6800	0.8918	0.7859	0.403	0.455736842105263	0.429368421052632
P84243_K24_R18	6	1.79095421502588	0.9139	0.0220	0.0641	1	1	0.00157894736842105	0.00421052631578947	0.00289473684210526	0.3203	0.3203	0.3203	0.671210526315789	0.770947368421053	0.721078947368421
Q02078_S408_K403	5	5.5233911925558	0.3444	0.6526	0.0030	0	1	0.00263157894736842	0.00368421052631579	0.00315789473684211	0.2314	0.2314	0.2314	0.994263157894737	0.998842105263158	0.996552631578947
P84243_K5_K80	75	-0.340986251405239	0.5425	0.0050	0.4525	1	0	0.00263157894736842	0.00421052631578947	0.00342105263157895	0.3203	0.4221	0.3712	0.180263157894737	0.970315789473684	0.575289473684211
P41235_Y23_Y286	263	-0.388417869471679	0.1249	0.6797	0.1953	0	0	0.0126315789473684	0.0710526315789474	0.0418421052631579	0.4473	0.5750	0.51115	0.755894736842105	0.986526315789474	0.871210526315789
Q12778_S319_S325	6	0.829811247404549	0.1610	0.8096	0.0294	0	1	0	0.00210526315789474	0.00105263157894737	0.2748	0.3306	0.3027	0.998842105263158	0.998842105263158	0.998842105263158
P42226_R27_Y641	614	-0.191099627787069	0.4860	0.1325	0.3814	0	0	0	0.00105263157894737	0.000526315789473685	0.0680	0.2633	0.16565	0.999894736842105	0.999947368421053	0.999921052631579
Q04206_K310_K315	5	4.14964366154878	0.0653	0.9036	0.0311	0	1	0.0536842105263158	0.152631578947368	0.103157894736842	0.7096	0.7439	0.72675	0.172684210526316	0.494684210526316	0.333684210526316
P04637_S378_K373	5	2.09738315225019	0.0899	0.8901	0.0199	0	1	0.0305263157894737	0.0973684210526316	0.0639473684210527	0.5692	0.6488	0.609	0.766052631578947	0.865368421052632	0.81571052631579
P29590_K160_K380	220	-0.146562170294286	0.1347	0.5482	0.3171	0	0	0	0.0131578947368421	0.00657894736842105	0.7138	0.7203	0.71705	0.895421052631579	0.999947368421053	0.947684210526316
Q9Y6Q9_S505_K723	218	-0.150466546596094	0.3032	0.6672	0.0296	0	0	0	0.00263157894736842	0.00131578947368421	0.0793	0.1519	0.1156	0.822263157894737	0.985947368421053	0.904105263157895
P36956_S434_S430	4	8.42090829667222	0.5046	0.4390	0.0564	0	1	0	0.000526315789473684	0.000263157894736842	0.3508	0.4097	0.38025	0.957842105263158	0.999789473684211	0.978815789473684
P37840_K12_S129	117	-0.529568015035238	0.1553	0.0843	0.7604	1	0	0.00631578947368421	0.245789473684211	0.126052631578948	0.2270	0.6451	0.43605	0.427789473684211	0.98878947368421	0.70828947368421
P84243_K10_K19	9	-0.11304193297074	0.7906	0.0410	0.1684	1	1	0.00263157894736842	0.00315789473684211	0.00289473684210527	0.4442	0.5391	0.49165	0.343473684210526	0.710263157894737	0.526868421052632
P03372_S118_S106	12	4.30732756696641	0.1260	0.8424	0.0316	1	1	0.00789473684210526	0.0131578947368421	0.0105263157894737	0.2281	0.3146	0.27135	0.835684210526316	0.915421052631579	0.875552631578947
P19838_S927_S932	5	8.13732902734806	0.0212	0.9783	0.0005	0	1	0	0	0	0.0677	0.0880	0.07785	0.888368421052632	0.998578947368421	0.943473684210526
P04637_T377_K382	5	1.65285074219234	0.0690	0.8830	0.0480	0	1	0.01	0.315263157894737	0.162631578947369	0.4233	0.4566	0.43995	0.289	0.903	0.596
P01100_T232_K265	33	0.171747649202181	0.0603	0.7797	0.1600	0	1	0.0363157894736842	0.337894736842105	0.187105263157895	0.5742	0.7352	0.6547	0.486105263157895	0.950578947368421	0.718342105263158
Q01094_K185_S31	154	-0.39143456933921	0.0110	0.0719	0.9171	0	0	0.00157894736842105	0.282631578947368	0.142105263157895	0.1413	0.6880	0.41465	0.124	1	0.562
P30305_S321_S323	2	5.67158098632601	0.3998	0.5571	0.0431	1	1	0.00315789473684211	0.00473684210526316	0.00394736842105264	0.4098	0.4756	0.4427	0.999052631578947	0.999947368421053	0.9995
Q9BYG3_T238_T234	4	5.55506230025564	0.0721	0.9246	0.0033	1	1	0.00157894736842105	0.00421052631578947	0.00289473684210526	0.6460	0.6887	0.66735	0.997315789473684	1	0.998657894736842
P04637_K372_K370	2	2.62853170088365	0.0981	0.8845	0.0174	0	1	0.0173684210526316	0.0342105263157895	0.0257894736842106	0.6556	0.6727	0.66415	0.75178947368421	0.889157894736842	0.820473684210526
Q14457_Y229_Y233	4	1.27790595253019	0.3413	0.4548	0.2039	1	0	0.00631578947368421	0.0152631578947368	0.0107894736842105	0.4501	0.5514	0.50075	0.994684210526316	0.998368421052632	0.996526315789474
P84243_T12_K10	2	6.42363455268573	0.7829	0.1167	0.1004	1	1	0.00210526315789474	0.00315789473684211	0.00263157894736842	0.3587	0.5391	0.4489	0.343473684210526	0.594315789473684	0.468894736842105
P84243_K10_K15	5	0.519701499432444	0.7887	0.0726	0.1387	1	1	0.00263157894736842	0.00315789473684211	0.00289473684210527	0.2298	0.5391	0.38445	0.163368421052632	0.343473684210526	0.253421052631579
Q16566_S58_T200	142	0.0720190139566356	0.3214	0.0259	0.6527	1	0	0.00105263157894737	0.00315789473684211	0.00210526315789474	0.1796	0.2902	0.2349	0.995578947368421	0.998947368421053	0.997263157894737
Q16566_S189_T200	11	0.095752490900509	0.3331	0.5361	0.1307	1	0	0.00105263157894737	0.00105263157894737	0.00105263157894737	0.1794	0.1796	0.1795	0.995578947368421	0.996631578947368	0.996105263157895
Q12778_S249_S256	7	0.390002148569091	0.0676	0.7352	0.1972	0	1	0	0.0163157894736842	0.0081578947368421	0.1513	0.5191	0.3352	0.954894736842105	0.999526315789474	0.97721052631579
P29590_K160_K476	316	-0.301498366245319	0.1400	0.5488	0.3111	0	0	0	0.00368421052631579	0.00184210526315789	0.6082	0.7203	0.66425	0.999210526315789	0.999947368421053	0.999578947368421
Q13263_S824_K804	20	-0.130632226573518	0.0127	0.9508	0.0365	0	1	0.0331578947368421	0.0342105263157895	0.0336842105263158	0.4739	0.6127	0.5433	0.165105263157895	0.952842105263158	0.558973684210526
P35222_T41_S37	4	3.1955499273839	0.1912	0.7995	0.0093	0	1	0.000526315789473684	0.0121052631578947	0.00631578947368419	0.0219	0.0462	0.03405	0.950473684210526	1	0.975236842105263
P84243_K28_K37	9	0.967867276875892	0.9595	0.0069	0.0335	1	1	0.00210526315789474	0.00421052631578947	0.00315789473684211	0.3203	0.6023	0.4613	0.52021052631579	0.574473684210526	0.547342105263158
P84243_S11_K10	1	6.44992833477661	0.7744	0.1250	0.1006	1	1	0.00315789473684211	0.00421052631578947	0.00368421052631579	0.4906	0.5391	0.51485	0.343473684210526	0.842947368421053	0.59321052631579
P62805_K21_K17	4	0.0811386190302622	0.6822	0.2013	0.1164	0	1	0.00210526315789474	0.00263157894736842	0.00236842105263158	0.2238	0.6034	0.4136	0.0684736842105263	0.455736842105263	0.262105263157895
Q53EL6_S71_S76	5	-0.153405555876492	0.2749	0.6967	0.0284	0	1	0.0215789473684211	0.04	0.0307894736842106	0.3738	0.5257	0.44975	0.972578947368421	0.998631578947368	0.985605263157895
Q04206_T305_K310	5	3.08382695841452	0.0693	0.7938	0.1368	0	0	0.0189473684210526	0.0536842105263158	0.0363157894736842	0.7096	0.7202	0.7149	0.172684210526316	0.968736842105263	0.570710526315789
P84243_T7_K5	2	7.73109286715466	0.5556	0.4040	0.0405	1	1	0.00105263157894737	0.00421052631578947	0.00263157894736842	0.2298	0.3203	0.27505	0.180263157894737	0.47621052631579	0.328236842105263
Q92731_S12_K4	8	3.51272510006776	0.0602	0.9378	0.0020	0	1	0.00368421052631579	0.0126315789473684	0.00815789473684209	0.3684	0.5536	0.461	0.999315789473684	0.999684210526316	0.9995
P03372_S118_S104	14	0.595681968217037	0.0622	0.8408	0.0970	1	1	0.00789473684210526	0.0815789473684211	0.0447368421052632	0.3146	0.6265	0.47055	0.709315789473684	0.915421052631579	0.812368421052632
O60331_Y649_S650	1	4.04991242497113	0.0469	0.9525	0.0006	0	1	0.00157894736842105	0.00473684210526316	0.00315789473684211	0.2971	0.4637	0.3804	0.998578947368421	0.999	0.998789473684211
P84243_K15_K5	10	-0.309528088792618	0.5504	0.0788	0.3708	1	1	0.00263157894736842	0.00421052631578947	0.00342105263157895	0.2298	0.3203	0.27505	0.163368421052632	0.180263157894737	0.171815789473684
P01106_S62_T58	4	2.91946598266248	0.2129	0.7319	0.0552	1	1	0.00210526315789474	0.00421052631578947	0.00315789473684211	0.5499	0.5893	0.5696	0.941578947368421	0.998105263157895	0.969842105263158
P24928_S1805_R1810	5	6.67147496237068	0.0366	0.7884	0.1750	1	1	0.0296449235158912	0.1246039387126	0.0771244311142444	0.6560	0.8070	0.7315	0.181210526315789	0.700421052631579	0.440815789473684
P04637_S20_K382	362	-0.42198113111087	0.0777	0.8625	0.0598	0	0	0.01	0.107894736842105	0.0589473684210525	0.4233	0.7481	0.5857	0.619526315789474	0.903	0.761263157894737
P06400_K810_S811	1	4.24221520009591	0.0969	0.7101	0.1930	1	1	0.00368421052631579	0.0168421052631579	0.0102631578947368	0.3929	0.6027	0.4978	0.745578947368421	0.914368421052632	0.829973684210526
P26358_K142_S143	1	3.74296455414433	0.0271	0.9642	0.0087	0	1	0.0226315789473684	0.0742105263157895	0.0484210526315789	0.3755	0.4852	0.43035	0.417052631578947	0.722684210526316	0.569868421052632
P25054_S1501_S1507	6	14.4126393005951	0.4547	0.5406	0.0047	1	1	0	0	0	0.1835	0.2685	0.226	0.999526315789474	0.999578947368421	0.999552631578947
Q12800_T329_S309	20	0.454597891248654	0.2602	0.5656	0.1741	0	1	0.0173684210526316	0.0694736842105263	0.043421052631579	0.4659	0.4777	0.4718	0.456	0.772526315789474	0.614263157894737
P25054_S1507_S1510	3	5.14405109074528	0.3141	0.5424	0.1435	0	1	0	0.0731578947368421	0.0365789473684211	0.1835	0.5352	0.35935	0.999578947368421	0.999578947368421	0.999578947368421
P29590_K160_K401	241	-0.177719390412457	0.0614	0.5515	0.3871	0	0	0	0.103684210526316	0.051842105263158	0.7122	0.7203	0.71625	0.0875263157894737	0.999947368421053	0.543736842105263
P24928_S1807_R1810	3	8.09805083574524	0.0141	0.9098	0.0761	1	1	0.0296449235158912	0.1246039387126	0.0771244311142444	0.7672	0.8070	0.7871	0.178842105263158	0.181210526315789	0.180026315789474
P84243_K5_K28	23	-0.388333840441742	0.5456	0.0114	0.4431	1	1	0.00210526315789474	0.00421052631578947	0.00315789473684211	0.3203	0.3203	0.3203	0.180263157894737	0.574473684210526	0.377368421052632
Q16566_T57_T200	143	-0.196283961375311	0.0433	0.5521	0.4046	1	0	0.00105263157894737	0.0821052631578948	0.0415789473684211	0.1796	0.5440	0.3618	0.988473684210526	0.995578947368421	0.992026315789474
P04637_S366_K373	7	1.53371680460041	0.0904	0.8871	0.0225	0	1	0.0305263157894737	0.09	0.0602631578947369	0.6488	0.7333	0.69105	0.235947368421053	0.865368421052632	0.550657894736842
P84243_K5_K37	32	-0.356356845164649	0.5540	0.0060	0.4400	1	1	0.00421052631578947	0.00421052631578947	0.00421052631578947	0.3203	0.6023	0.4613	0.180263157894737	0.52021052631579	0.350236842105263
P04083_Y21_K257	236	-0.598067722659866	0.0142	0.9091	0.0767	0	0	0.0252631578947368	0.28	0.152631578947368	0.3913	0.8858	0.63855	0.612684210526316	0.949315789473684	0.781
P25054_S1507_S1503	4	8.04815159813412	0.2682	0.5424	0.1894	1	1	0	0.0531578947368421	0.026578947368421	0.1835	0.3679	0.2757	0.885526315789474	0.999578947368421	0.942552631578947
P04637_S215_S33	182	-0.461188496818596	0.0930	0.1226	0.7844	0	0	0.00315789473684211	0.165263157894737	0.0842105263157896	0.2201	0.8127	0.5164	0.524631578947368	0.999789473684211	0.76221052631579
P84243_R3_K5	2	4.1542933455137	0.4766	0.4315	0.0919	1	1	0.00421052631578947	0.00789473684210526	0.00605263157894737	0.3203	0.7751	0.5477	0.0466315789473684	0.180263157894737	0.113447368421053
P04637_S37_K382	345	-0.458005667746192	0.0588	0.8457	0.0956	0	0	0.01	0.149473684210526	0.079736842105263	0.4233	0.8021	0.6127	0.506789473684211	0.903	0.704894736842105
O14920_S181_K163	18	3.8159171078079	0.3468	0.1112	0.5420	1	0	0.00210526315789474	0.00210526315789474	0.00210526315789474	0.2269	0.2703	0.2486	0.996052631578947	0.997105263157895	0.996578947368421
P84243_R18_K5	13	-0.239521128741565	0.5504	0.0564	0.3932	1	1	0.00421052631578947	0.00421052631578947	0.00421052631578947	0.3203	0.3203	0.3203	0.180263157894737	0.671210526315789	0.425736842105263
P25054_S1501_S1504	3	5.7849391931788	0.4124	0.5406	0.0471	1	1	0	0.00736842105263158	0.00368421052631579	0.2685	0.4092	0.33885	0.999526315789474	0.999526315789474	0.999526315789474
P68400_S347_T344	3	8.04569850033849	0.0403	0.9233	0.0364	0	1	0.144736842105263	0.16	0.152368421052631	0.8752	0.8792	0.8772	0.36178947368421	0.449473684210526	0.405631578947368
Q14103_S87_S83	4	2.81130013781293	0.0169	0.8890	0.0941	0	1	0.229473684210526	0.421578947368421	0.325526315789474	0.8506	0.8723	0.86145	0.0619473684210526	0.746526315789474	0.404236842105263
P43268_S101_K96	5	5.52547720010501	0.2412	0.7504	0.0084	1	1	0.00736842105263158	0.0142105263157895	0.0107894736842105	0.2884	0.2941	0.29125	0.985157894736842	1	0.992578947368421
Q15653_S19_S23	4	1.96668691311476	0.0106	0.9878	0.0016	0	1	0.00473684210526316	0.0189473684210526	0.0118421052631579	0.4218	0.4580	0.4399	0.933842105263158	0.988	0.960921052631579
O75385_S638_S758	120	-0.220233046376868	0.0525	0.8782	0.0692	0	0	0.00368421052631579	0.0410526315789474	0.0223684210526316	0.5247	0.6119	0.5683	0.950631578947368	0.969315789473684	0.959973684210526
P46527_S2_S10	8	6.43311620317409	0.2870	0.6837	0.0293	0	1	0	0	0	0.1112	0.3291	0.22015	0.996789473684211	1	0.998394736842105
P84022_S208_S204	4	2.7742642954467	0.1413	0.6731	0.1856	0	1	0.0536842105263158	0.0726315789473684	0.0631578947368421	0.8560	0.8730	0.8645	0.133526315789474	0.256842105263158	0.195184210526316
P01100_S362_T325	37	-0.258465730666869	0.1354	0.7868	0.0778	0	1	0.00105263157894737	0.103684210526316	0.0523684210526317	0.4116	0.5365	0.47405	0.995	0.998736842105263	0.996868421052632
P42224_R31_Y701	670	-0.275405416621697	0.5374	0.1279	0.3348	0	0	0	0.00105263157894737	0.000526315789473685	0.1687	0.2615	0.2151	1	1	1
Q9BYG3_T238_S230	8	2.07174673665895	0.0671	0.9246	0.0083	1	1	0.00421052631578947	0.0142105263157895	0.00921052631578949	0.6396	0.6460	0.6428	0.807421052631579	0.997315789473684	0.902368421052631
P62805_K17_R4	13	-0.617003486583133	0.5203	0.2657	0.2140	0	1	0.00210526315789474	0.00947368421052631	0.00578947368421052	0.6034	0.6800	0.6417	0.0684736842105263	0.403	0.235736842105263
P15976_S142_K137	5	2.07235782404052	0.0350	0.9453	0.0196	0	1	0.00473684210526316	0.00736842105263158	0.00605263157894737	0.4763	0.5754	0.52585	0.685263157894737	0.693157894736842	0.68921052631579
O95786_T170_K172	2	1.08086312886117	0.0199	0.9519	0.0282	1	0	0.0694736842105263	0.141052631578947	0.105263157894737	0.6347	0.7793	0.707	0.456157894736842	0.878105263157895	0.667131578947369
Q04206_S276_K310	34	-0.0622668185505991	0.0730	0.4905	0.4364	0	0	0.00473684210526316	0.0536842105263158	0.0292105263157895	0.3015	0.7096	0.50555	0.172684210526316	0.937947368421053	0.555315789473684
P03372_S305_K303	2	15.4204276001573	0.0903	0.6383	0.2714	0	0	0.125789473684211	0.236315789473684	0.181052631578948	0.7174	0.7609	0.73915	0.666368421052632	0.756842105263158	0.711605263157895
P42224_K703_Y701	2	21.365375835511	0.4297	0.3212	0.2491	0	1	0.00105263157894737	0.0621052631578948	0.0315789473684211	0.2615	0.5519	0.4067	0.660421052631579	1	0.83021052631579
P62807_K35_K121	86	0.0211882939927225	0.4093	0.1399	0.4508	0	0	0.00157894736842105	0.00631578947368421	0.00394736842105263	0.3174	0.4417	0.37955	0.229578947368421	0.950736842105263	0.590157894736842
P84243_K10_K28	18	-0.373546639972473	0.7877	0.0091	0.2032	1	1	0.00210526315789474	0.00315789473684211	0.00263157894736842	0.3203	0.5391	0.4297	0.343473684210526	0.574473684210526	0.458973684210526
Q13263_S824_K554	270	-0.266627115445771	0.0120	0.9593	0.0286	0	0	0.0331578947368421	0.0557894736842105	0.0444736842105263	0.4739	0.7400	0.60695	0.165105263157895	0.985684210526316	0.575394736842105
P84243_K5_K19	14	-0.374367381599167	0.5517	0.0466	0.4017	1	1	0.00263157894736842	0.00421052631578947	0.00342105263157895	0.3203	0.4442	0.38225	0.180263157894737	0.710263157894737	0.445263157894737
Q14814_S444_K439	5	6.165688917932	0.3112	0.6864	0.0024	0	1	0.00105263157894737	0.00263157894736842	0.00184210526315789	0.3165	0.3180	0.31725	0.998578947368421	0.999421052631579	0.999
P29590_K160_K400	240	-0.180725091355864	0.0680	0.5522	0.3798	0	0	0	0.0889473684210527	0.0444736842105264	0.7186	0.7203	0.71945	0.264789473684211	0.999947368421053	0.632368421052632
P84243_K19_R18	1	6.43875347738799	0.9097	0.0403	0.0501	1	1	0.00263157894736842	0.00421052631578947	0.00342105263157895	0.3203	0.4442	0.38225	0.671210526315789	0.710263157894737	0.690736842105263
P48551_S384_K399	15	0.303489447044874	0.0396	0.7287	0.2317	0	1	0.285789473684211	0.314736842105263	0.300263157894737	0.6403	0.7236	0.68195	0.034421052631579	0.426578947368421	0.2305
P03372_K303_K302	1	16.2768795925325	0.1452	0.7106	0.1442	0	1	0.125789473684211	0.156842105263158	0.141315789473685	0.7174	0.7621	0.73975	0.336421052631579	0.756842105263158	0.546631578947368
P03372_S106_S104	2	3.54528052797014	0.0498	0.8457	0.1045	1	1	0.0131578947368421	0.0815789473684211	0.0473684210526316	0.2281	0.6265	0.4273	0.709315789473684	0.835684210526316	0.7725
P03372_S294_S118	176	-0.0982975817232854	0.0565	0.6891	0.2544	0	0	0.00789473684210526	0.164736842105263	0.0863157894736841	0.3146	0.8048	0.5597	0.760421052631579	0.915421052631579	0.837921052631579
P10275_S579_S516	63	-0.221678866347825	0.0277	0.7039	0.2684	0	1	0	0.0931578947368421	0.0465789473684211	0.1198	0.8055	0.46265	0.0100526315789474	0.0526315789473684	0.0313421052631579
P62805_K13_R4	9	-0.391334936039964	0.5215	0.3132	0.1652	0	1	0.00526315789473684	0.00947368421052631	0.00736842105263157	0.6800	0.9038	0.7919	0.403	0.544526315789474	0.473763157894737
Q12778_S319_S322	3	3.10888178749453	0.1839	0.8125	0.0037	0	1	0	0	0	0.2111	0.3306	0.27085	0.998842105263158	0.998842105263158	0.998842105263158
P04637_S15_T18	3	5.70366519031213	0.1201	0.8344	0.0455	1	1	0.00368421052631579	0.0368421052631579	0.0202631578947368	0.4512	0.5003	0.47575	0.975947368421053	0.99821052631579	0.987078947368421
P62805_K21_R4	17	-0.671630045767402	0.5228	0.2189	0.2583	0	1	0.00263157894736842	0.00947368421052631	0.00605263157894737	0.2238	0.6800	0.4519	0.403	0.455736842105263	0.429368421052632
P01100_S374_T331	43	-0.404197542799	0.1941	0.7705	0.0353	0	1	0.00263157894736842	0.00842105263157895	0.00552631578947369	0.0518	0.3386	0.1952	0.995052631578947	0.998736842105263	0.996894736842105
Q13263_K676_S824	148	-0.2180626845695	0.0120	0.9243	0.0637	0	0	0.0331578947368421	0.183684210526316	0.108421052631579	0.4739	0.6015	0.5377	0.165105263157895	0.861263157894737	0.513184210526316
Q92731_S12_S8	4	2.78316822621656	0.0448	0.9376	0.0176	0	1	0.0126315789473684	0.0252631578947368	0.0189473684210526	0.5536	0.5957	0.57465	0.831894736842105	0.999315789473684	0.915605263157895
P05412_S243_T239	4	1.24795576852947	0.1901	0.5159	0.2940	0	1	0.00157894736842105	0.0626315789473684	0.0321052631578947	0.4805	0.5649	0.5227	0.872578947368421	0.947157894736842	0.909868421052632
P08047_T739_K16	723	-0.293943082407987	0.0254	0.9287	0.0459	0	0	0.0394736842105263	0.105789473684211	0.0726315789473687	0.2695	0.3814	0.32545	0.776947368421053	0.964052631578947	0.8705
P04637_S46_K382	336	-0.403788134117764	0.0537	0.8477	0.0986	0	0	0.01	0.317894736842105	0.163947368421053	0.4233	0.8229	0.6231	0.328789473684211	0.903	0.615894736842105
O14920_S177_K163	14	2.2583632863503	0.2812	0.0845	0.6342	1	0	0.00210526315789474	0.00210526315789474	0.00210526315789474	0.2269	0.3874	0.30715	0.983631578947368	0.996052631578947	0.989842105263158
Q9ULV5_S298_K293	5	7.33999466321961	0.0771	0.9074	0.0155	0	1	0.00631578947368421	0.00736842105263158	0.0068421052631579	0.5766	0.6403	0.60845	0.997842105263158	0.999842105263158	0.998842105263158
P39748_R192_S187	5	0.586852798033085	0.1012	0.5503	0.3486	1	1	0.00210526315789474	0.0826315789473684	0.0423684210526316	0.2219	0.5442	0.38305	0.893421052631579	0.932315789473684	0.912868421052632
O43524_R248_S253	5	1.04752902644261	0.1998	0.6006	0.1996	0	1	0	0	0	0.0758	0.1023	0.08905	0.999842105263158	1	0.999921052631579
P04637_S378_K382	4	1.71771930817743	0.0930	0.8845	0.0225	0	1	0.01	0.0973684210526316	0.0536842105263158	0.4233	0.5692	0.49625	0.766052631578947	0.903	0.834526315789474
Q13541_T46_T70	24	-0.551870938519141	0.6759	0.0123	0.3118	1	1	0.00105263157894737	0.00473684210526316	0.00289473684210527	0.1369	0.7633	0.4501	0.998631578947368	0.998947368421053	0.998789473684211
Q9UKT4_S145_S149	4	3.81467711818668	0.4269	0.5412	0.0319	0	1	0	0.00157894736842105	0.000789473684210525	0.2236	0.4041	0.31385	0.999894736842105	0.999894736842105	0.999894736842105
Q99741_K92_S106	14	0.128664618003249	0.0293	0.9510	0.0196	0	1	0.0226315789473684	0.11421052631579	0.0684210526315792	0.4733	0.6695	0.5714	0.802684210526316	0.854842105263158	0.828763157894737
Q13541_T37_T70	33	-0.712128476107533	0.6467	0.0138	0.3395	1	1	0.00263157894736842	0.00473684210526316	0.00368421052631579	0.1369	0.5520	0.34445	0.998631578947368	0.998947368421053	0.998789473684211
P01100_S362_T331	31	-0.134761922654805	0.1826	0.7908	0.0266	0	1	0.00842105263157895	0.103684210526316	0.0560526315789475	0.3386	0.4116	0.3751	0.995	0.998736842105263	0.996868421052632
P04637_T387_K373	14	0.95344747142453	0.0332	0.8968	0.0700	0	1	0.0305263157894737	0.255263157894737	0.142894736842105	0.6488	0.6654	0.6571	0.0932105263157895	0.865368421052632	0.479289473684211
P62807_S113_K121	8	0.9250102982704	0.7575	0.1420	0.1005	0	1	0.00157894736842105	0.00526315789473684	0.00342105263157895	0.2841	0.3174	0.30075	0.94921052631579	0.950736842105263	0.949973684210526
P04637_S366_K382	16	0.172474434301575	0.0904	0.8784	0.0312	0	1	0.01	0.09	0.05	0.4233	0.7333	0.5783	0.235947368421053	0.903	0.569473684210526
Q12800_T329_S291	38	0.319500446627778	0.2016	0.5825	0.2159	0	1	0.0510526315789474	0.0694736842105263	0.0602631578947369	0.4659	0.6307	0.5483	0.456	0.765157894736842	0.610578947368421
P36956_T426_S430	4	9.93680182841175	0.2490	0.4382	0.3129	0	1	0	0.0415789473684211	0.0207894736842105	0.4097	0.6581	0.5339	0.812684210526316	0.999789473684211	0.906236842105263
P06213_Y1185_Y1189	4	4.34486175244619	0.7750	0.1254	0.0996	1	1	0	0.000526315789473684	0.000263157894736842	0.1195	0.1195	0.1195	0.999	1	0.9995
Q04206_S311_K310	1	20.3308180327765	0.0660	0.8865	0.0475	0	1	0.0536842105263158	0.147894736842105	0.10078947368421	0.7096	0.7163	0.71295	0.172684210526316	0.467631578947368	0.320157894736842
P46937_S397_S400	3	2.96374122485611	0.1063	0.8872	0.0065	0	1	0.00210526315789474	0.00263157894736842	0.00236842105263158	0.2566	0.2975	0.27705	0.995	0.996315789473684	0.995657894736842
P04637_S20_K386	366	-0.460324339817411	0.0797	0.8590	0.0613	0	0	0.00368421052631579	0.107894736842105	0.0557894736842104	0.3099	0.7481	0.529	0.619526315789474	0.989894736842105	0.80471052631579
Q14457_S234_S295	61	-0.187220343962501	0.2061	0.5086	0.2853	1	0	0.0247368421052632	0.101052631578947	0.0628947368421051	0.3316	0.6745	0.50305	0.529210526315789	0.693631578947368	0.611421052631579
Q92934_R96_S99	3	6.0236554260737	0.9581	0.0419	0.0000	1	1	0	0	0	0.2473	0.2473	0.2473	0.998526315789474	0.999105263157895	0.998815789473684
P36956_S434_T426	8	1.43206649985095	0.2041	0.4382	0.3577	0	1	0.000526315789473684	0.0415789473684211	0.0210526315789474	0.3508	0.6581	0.50445	0.812684210526316	0.957842105263158	0.885263157894737
Q01094_K185_K120	65	-0.0233461606888743	0.2522	0.0702	0.6776	0	0	0.00157894736842105	0.0105263157894737	0.00605263157894737	0.1413	0.2482	0.19475	0.900736842105263	1	0.950368421052632
P84243_S11_K15	4	2.74121384744935	0.8266	0.0798	0.0936	1	1	0.00263157894736842	0.00421052631578947	0.00342105263157895	0.2298	0.4906	0.3602	0.163368421052632	0.842947368421053	0.503157894736842
Q14457_K430_K437	7	1.53852332321303	0.7229	0.1449	0.1322	1	0	0.00105263157894737	0.00105263157894737	0.00105263157894737	0.0751	0.1069	0.091	0.991526315789474	1	0.995763157894737
P03372_S294_S167	127	0.262833412831947	0.0610	0.7137	0.2252	0	0	0.0742105263157895	0.164736842105263	0.119473684210526	0.7005	0.8048	0.75265	0.428736842105263	0.760421052631579	0.594578947368421
P37840_K12_Y125	113	-0.524150775079908	0.3166	0.0710	0.6124	1	0	0.00631578947368421	0.048421052631579	0.0273684210526316	0.2270	0.5884	0.4077	0.647947368421052	0.98878947368421	0.818368421052631
P04637_S37_S33	4	11.0081553744955	0.0818	0.8758	0.0424	0	1	0.149473684210526	0.165263157894737	0.157368421052631	0.8021	0.8127	0.8074	0.506789473684211	0.524631578947368	0.51571052631579
Q00613_S303_K298	5	4.50293954492574	0.0949	0.8611	0.0441	1	1	0.00894736842105263	0.0147368421052632	0.0118421052631579	0.6113	0.6395	0.6254	0.792473684210526	0.965263157894737	0.878868421052631
P84022_S208_T179	29	0.201464805995028	0.1452	0.5893	0.2655	0	1	0.0494736842105263	0.0726315789473684	0.0610526315789473	0.6023	0.8730	0.73765	0.256842105263158	0.442473684210526	0.349657894736842
Q92731_S8_K4	4	2.8572547752671	0.0448	0.9380	0.0172	0	1	0.00368421052631579	0.0252631578947368	0.0144736842105263	0.3684	0.5957	0.48205	0.831894736842105	0.999684210526316	0.91578947368421
P62805_K9_R4	5	1.10839873398019	0.5289	0.4022	0.0689	0	1	0.00421052631578947	0.00947368421052631	0.00684210526315789	0.2238	0.6800	0.4519	0.403	0.456894736842105	0.429947368421053
P46937_S397_S403	6	1.16740084539088	0.0653	0.8872	0.0475	0	1	0.00263157894736842	0.0610526315789474	0.0318421052631579	0.2975	0.3254	0.31145	0.995	0.996315789473684	0.995657894736842
P67809_S102_T126	24	0.0198957433342851	0.3737	0.3022	0.3242	1	1	0.0068421052631579	0.0105263157894737	0.0086842105263158	0.2750	0.4156	0.3453	0.986947368421052	0.993631578947368	0.99028947368421
P84243_K28_S29	1	3.36268616844018	0.8973	0.0191	0.0836	1	1	0.00210526315789474	0.00526315789473684	0.00368421052631579	0.3203	0.6148	0.46755	0.574473684210526	0.833263157894737	0.703868421052632
P25490_S180_K179	1	5.95583320904713	0.0042	0.9906	0.0052	0	1	0.291052631578947	0.302105263157895	0.296578947368421	0.6679	0.7264	0.69715	0.366736842105263	0.424052631578947	0.395394736842105
Q05586_S896_S897	1	12.0417066558683	0.0681	0.9273	0.0046	0	1	0.0536842105263158	0.0747368421052632	0.0642105263157895	0.6279	0.7334	0.68065	0.53678947368421	0.971789473684211	0.754289473684211
P14923_Y644_Y550	94	0.0322002646485804	0.1592	0.6853	0.1556	0	0	0.00473684210526316	0.0757894736842105	0.0402631578947368	0.4753	0.8553	0.6653	0.636947368421053	0.998473684210526	0.817710526315789
O43524_R250_S253	3	2.59715288422886	0.2349	0.5501	0.2150	0	1	0	0	0	0.0642	0.1023	0.08325	0.999842105263158	1	0.999921052631579
P08670_S55_S83	28	0.0747488760191124	0.0410	0.6996	0.2594	1	0	0.0742105263157895	0.247368421052632	0.160789473684211	0.7735	0.7903	0.7819	0.304947368421053	0.327842105263158	0.316394736842105
