P03372_K303_K302	3.7983	1	1	0	0	0	1	0	0	0.5405	0.6375	0.589	0.6764	0.8191	0.74775	0.3219	0.4750	0.39845	0.2044	0.3331	0.26875	0.3443	0.5252	0.43475	0.3738	0.4780	0.4259	0.3529	0.8052	0.57905	0.9828	1.2798	1.1313	1.0869	1.3221	1.2045	1.1735	1.3963	1.2849	1.2624	1.5124	1.3874	2.7591	3.0299	2.8945	0	1	0.5
Q13541_T70_S65	10.6013	2	0	1	0	0	0	0	0	0.5917	0.6899	0.6408	0.6139	0.6473	0.6306	0.4492	0.6936	0.5714	0.7691	0.7809	0.775	0.5397	0.6552	0.59745	0.2739	0.3894	0.33165	-0.3606	0.3623	0.000850000000000017	-0.5213	-0.1268	-0.32405	-0.7532	-0.3422	-0.5477	-0.9167	-0.5739	-0.7453	-0.9844	-0.7502	-0.8673	0.4936	1.1506	0.8221	0	2	1
P01106_S62_T58	11.3025	2	0	1	0	0	0	0	0	0.5473	0.5954	0.57135	0.7227	0.8035	0.7631	0.5776	0.8033	0.69045	0.5577	0.8094	0.68355	0.5900	0.8916	0.7408	0.3389	0.3389	0.3389	-1.0512	-0.6226	-0.8369	-1.0233	-0.8874	-0.95535	-1.2184	-0.6114	-0.9149	-1.4339	-0.2972	-0.86555	-1.5036	-0.1837	-0.84365	0.0000	0.0000	0	0	0	0
P62807_K35_K121	30.7802	8	0	0	1	0	0	0	0	0.5000	0.5000	0.5	0.8829	0.9264	0.90465	0.2112	0.5693	0.39025	0.2872	0.4930	0.3901	0.4873	0.7868	0.63705	0.2825	0.5695	0.426	-0.7388	0.0585	-0.34015	0.2280	0.7834	0.5057	0.3182	0.6884	0.5033	0.3374	0.4832	0.4103	0.2454	0.2954	0.2704	0.0866	1.2093	0.64795	0	2	1
P84243_K10_K24	34.7190	7	0	1	0	0	0	0	0	0.5000	0.5399	0.51995	0.8711	0.9953	0.9332	0.3594	0.6624	0.5109	0.1978	0.5027	0.35025	0.3259	0.3896	0.35775	0.4287	0.5170	0.47285	-0.2773	0.6124	0.16755	-0.4144	0.3506	-0.0319	-0.5584	0.9662	0.2039	-0.4127	1.6982	0.64275	-0.2803	1.7549	0.7373	-0.8224	-0.1833	-0.50285	0	0	0
P84243_K19_R18	3.7790	1	0	1	0	0	0	0	0	0.5000	0.5000	0.5	0.9643	0.9663	0.9653	0.3530	0.5000	0.4265	0.6177	0.7941	0.7059	0.5946	0.8987	0.74665	0.2907	0.2907	0.2907	-1.3844	-0.1569	-0.77065	-1.9634	-0.9772	-1.4703	-1.3357	-1.1384	-1.23705	-1.4293	-1.0969	-1.2631	-1.5005	-1.1061	-1.3033	0.2449	0.8715	0.5582	0	0	0
P03372_S305_K303	6.5926	1	1	1	0	0	0	0	0	0.5000	0.5000	0.5	0.7668	0.8174	0.7921	0.1427	0.2992	0.22095	0.1225	0.2383	0.1804	0.3208	0.3722	0.3465	0.4850	0.4850	0.485	-0.6732	1.2456	0.2862	0.9589	1.3857	1.1723	0.9669	1.4414	1.20415	1.0261	1.5256	1.27585	1.1071	1.6274	1.36725	1.6388	2.4316	2.0352	0	2	1
P62807_S113_K121	12.0325	2	0	0	0	0	1	0	0	0.5000	0.6103	0.55515	0.7675	0.8829	0.8252	0.5693	0.6635	0.6164	0.2872	0.3951	0.34115	0.3656	0.4873	0.42645	0.5695	0.5695	0.5695	-0.7332	0.0585	-0.33735	-0.0531	0.7834	0.36515	-0.3024	0.6884	0.193	-0.3855	0.4832	0.04885	-0.4068	0.2454	-0.0807	0.0866	0.1417	0.11415	2	2	2
P84243_S11_K15	9.5960	1	0	1	0	0	0	0	0	0.5000	0.5000	0.5	0.8311	0.9121	0.8716	0.7858	0.7858	0.7858	0.7241	0.8512	0.78765	0.5798	0.9377	0.75875	0.3334	0.3334	0.3334	-1.7903	-0.3945	-1.0924	-0.4826	-0.4138	-0.4482	-0.8522	-0.8437	-0.84795	-1.2056	-0.6430	-0.9243	-1.2185	-0.4534	-0.83595	-0.5536	-0.1635	-0.35855	0	3	1.5
Q9UHP3_K141_K99	66.9889	10	0	1	0	0	0	0	0	0.5835	0.6353	0.6094	0.7356	0.7816	0.7586	0.2965	0.3539	0.3252	0.1103	0.5431	0.3267	0.3736	0.5120	0.4428	0.4613	0.5895	0.5254	0.1205	1.2457	0.6831	-0.5153	0.8405	0.1626	-0.6869	2.2974	0.80525	-0.2165	2.2212	1.00235	-0.4430	2.2336	0.8953	0.0000	0.0000	0	0	0	0
P39748_R192_S187	12.6965	2	0	0	0	1	0	0	0	0.7694	0.9512	0.8603	0.5235	0.5793	0.5514	0.6092	0.6803	0.64475	0.7450	0.8274	0.7862	0.3844	0.8174	0.6009	0.3289	0.5052	0.41705	-0.9647	-0.5346	-0.74965	-1.3473	-1.3176	-1.33245	-1.6182	-1.3094	-1.4638	-1.7385	-1.2913	-1.5149	-1.8362	-1.2622	-1.5492	-0.5433	-0.3532	-0.44825	1	4	2.5
P04637_T377_K382	9.7752	2	0	0	0	0	1	0	0	0.6334	0.6791	0.65625	0.5824	0.6233	0.60285	0.5000	0.7181	0.60905	0.6243	0.6761	0.6502	0.3394	0.4290	0.3842	0.5538	0.6887	0.62125	-0.3226	-0.1918	-0.2572	-0.4298	0.0618	-0.184	-0.8489	-0.2391	-0.544	-0.8258	-0.4231	-0.62445	-0.7680	-0.5092	-0.6386	0.0000	0.0000	0	1	2	1.5
P04637_S378_K373	8.0971	2	1	0	1	0	0	0	0	0.6159	0.6175	0.6167	0.5340	0.8484	0.6912	0.2819	0.7181	0.5	0.5491	0.7532	0.65115	0.4740	0.5944	0.5342	0.3761	0.4740	0.42505	-1.3911	-0.0182	-0.70465	-1.5212	0.2454	-0.6379	-1.4166	-0.0902	-0.7534	-1.3962	-0.2910	-0.8436	-1.4154	-0.3789	-0.89715	0.0000	0.0000	0	0	2	1
P84243_K24_R18	19.5104	3	0	1	0	0	0	0	0	0.5000	0.5000	0.5	0.9771	0.9953	0.9862	0.3594	0.3594	0.3594	0.1978	0.6367	0.41725	0.3259	0.5377	0.4318	0.3058	0.5170	0.4114	-0.4713	0.6124	0.07055	-0.9624	0.3506	-0.3059	-1.1715	0.9662	-0.10265	-1.4420	1.6982	0.1281	-1.5121	1.7549	0.1214	-0.8224	1.2935	0.23555	0	0	0
O60331_Y649_S650	3.8097	1	0	1	0	0	0	0	0	0.5000	0.5000	0.5	0.9081	0.9564	0.93225	0.4539	0.6248	0.53935	0.4391	0.7140	0.57655	0.4838	0.8983	0.69105	0.2292	0.3285	0.27885	-1.1633	-1.0707	-1.117	-1.1417	-1.1164	-1.12905	-0.9465	-0.3532	-0.64985	-0.8753	-0.1087	-0.492	-0.8488	-0.0426	-0.4457	-1.2467	-1.2274	-1.23705	0	1	0.5
P84243_R3_K5	6.7045	1	0	0	0	0	0	0	1	0.7092	0.7510	0.7301	0.5112	0.5280	0.5196	0.6807	0.7862	0.73345	0.7953	0.8612	0.82825	0.8393	0.9919	0.9156	0.2128	0.3450	0.2789	0.5230	0.7794	0.6512	-0.7501	-0.4109	-0.5805	-1.2073	-0.7691	-0.9882	-1.3085	-0.9217	-1.1151	-1.3370	-1.0260	-1.1815	0.0000	0.0000	0	3	3	3
P14923_Y644_Y550	35.0109	5	0	0	1	0	0	0	0	0.5000	0.6892	0.5946	0.5778	0.9606	0.7692	0.1273	0.6470	0.38715	0.3736	0.4843	0.42895	0.3773	0.7696	0.57345	0.3234	0.6878	0.5056	-0.6303	1.6412	0.50545	-0.2263	1.4899	0.6318	0.2506	0.6910	0.4708	-0.0786	0.4555	0.18845	-0.4840	0.5796	0.0478	-2.6806	0.7675	-0.95655	0	2	1
P67809_S102_T126	13.9830	2	1	1	0	0	0	0	0	0.5719	0.6333	0.6026	0.5000	0.6131	0.55655	0.2936	0.5072	0.4004	0.2090	0.7245	0.46675	0.4297	0.7159	0.5728	0.3336	0.3645	0.34905	-0.6174	0.1166	-0.2504	-0.7184	0.5950	-0.0617	-0.7393	0.9409	0.1008	-0.7765	1.0656	0.14455	-0.8393	1.1372	0.14895	0.0000	0.0000	0	0	3	1.5
P62805_K13_R4	14.9215	2	0	1	0	0	0	0	0	0.5654	0.5835	0.57445	0.6030	0.8652	0.7341	0.2913	0.9503	0.6208	0.4768	0.8802	0.6785	0.4735	0.9433	0.7084	0.1862	0.3936	0.2899	-0.2141	0.3960	0.09095	-1.5609	0.6768	-0.44205	-1.3668	0.8006	-0.2831	-1.2176	0.7740	-0.2218	-1.0691	0.6987	-0.1852	0.0000	0.0000	0	0	0	0
P04637_T387_K373	20.1222	4	0	1	0	0	0	0	0	0.5968	0.6285	0.61265	0.6750	0.8489	0.76195	0.2819	0.3851	0.3335	0.3058	0.5491	0.42745	0.2905	0.4740	0.38225	0.4740	0.8128	0.6434	-0.0175	1.1581	0.5703	0.2461	1.2554	0.75075	-0.0900	1.0179	0.46395	-0.2910	0.9081	0.30855	-0.3793	0.8851	0.2529	0.0000	0.0000	0	0	1	0.5
P31749_T312_T308	11.3046	2	0	1	0	0	0	0	0	0.5000	0.5440	0.522	0.6237	0.7824	0.70305	0.3303	0.3970	0.36365	0.6468	0.7369	0.69185	0.4241	0.5215	0.4728	0.3987	0.4336	0.41615	0.6563	1.2717	0.964	-0.9201	0.4677	-0.2262	-1.2614	0.1287	-0.56635	-1.4169	-0.1006	-0.75875	-1.5391	-0.3297	-0.9344	0.2368	1.1226	0.6797	1	2	1.5
P68400_S347_T344	10.1852	2	0	1	0	0	0	0	0	0.5000	0.5000	0.5	0.9516	0.9939	0.97275	0.5000	0.7577	0.62885	0.7112	0.7573	0.73425	0.6750	0.8271	0.75105	0.3156	0.3156	0.3156	-0.7050	-0.3112	-0.5081	-0.8997	-0.1216	-0.51065	-1.3783	-0.2207	-0.7995	-1.2243	-0.5328	-0.87855	-1.0760	-0.7139	-0.89495	-0.9029	-0.4291	-0.666	0	1	0.5
P05106_Y773_Y785	23.7370	5	0	0	1	0	0	0	0	0.5273	0.5890	0.55815	0.6698	0.8746	0.7722	0.1270	0.3654	0.2462	0.1411	0.3948	0.26795	0.2615	0.2761	0.2688	0.4715	0.5876	0.52955	-0.0445	0.9766	0.46605	-0.0505	2.0298	0.98965	0.0414	2.0915	1.06645	0.2450	1.8172	1.0311	0.3000	1.7113	1.00565	0.0000	0.0000	0	0	0	0
Q04206_K310_K315	8.6320	2	0	0	0	0	1	0	0	0.5406	0.5742	0.5574	0.8240	0.9461	0.88505	0.2458	0.4467	0.34625	0.0617	0.0868	0.07425	0.3414	0.4234	0.3824	0.7626	0.9436	0.8531	-0.3768	1.6905	0.65685	-0.4622	0.6858	0.1118	1.4109	1.9955	1.7032	2.4574	2.9319	2.69465	2.8628	3.3735	3.11815	3.0593	3.2811	3.1702	1	1	1
P06213_Y1185_Y1189	8.5721	2	1	1	0	0	0	0	0	0.5281	0.7873	0.6577	0.5669	0.9485	0.7577	0.1438	0.7465	0.44515	0.3594	0.7806	0.57	0.3105	0.9800	0.64525	0.2029	0.7542	0.47855	-0.8204	1.0679	0.12375	-0.2442	0.8430	0.2994	-0.3115	0.5102	0.09935	-0.3939	0.2844	-0.05475	-0.4873	0.0504	-0.21845	0.8884	2.8893	1.88885	1	2	1.5
P84243_K10_K19	20.3695	4	0	1	0	0	0	0	0	0.5000	0.5405	0.52025	0.8659	0.9663	0.9161	0.3530	0.6470	0.5	0.4998	0.6177	0.55875	0.4001	0.5946	0.49735	0.2907	0.4134	0.35205	-1.3844	-0.2363	-0.81035	-1.9634	-0.3771	-1.17025	-1.3357	-0.5285	-0.9321	-1.0969	-0.4029	-0.7499	-1.1061	-0.2767	-0.6914	-0.1653	0.2449	0.0398	0	1	0.5
P35222_S37_S33	11.3760	2	0	1	0	0	0	0	0	0.5386	0.5510	0.5448	0.9452	0.9974	0.9713	0.6318	0.6318	0.6318	0.5000	0.7897	0.64485	0.4117	0.8292	0.62045	0.2103	0.5000	0.35515	-1.0293	0.6957	-0.1668	-0.5748	-0.0917	-0.33325	-0.9895	-0.3727	-0.6811	-1.1336	-0.1914	-0.6625	-1.1533	-0.1454	-0.64935	0.1192	0.6295	0.37435	0	3	1.5
P04637_S37_S33	11.6526	2	0	1	0	0	0	0	0	0.6439	0.7350	0.68945	0.5000	0.7651	0.63255	0.1637	0.3886	0.27615	0.2741	0.6166	0.44535	0.2999	0.4260	0.36295	0.3640	0.9609	0.66245	-0.4392	1.7327	0.64675	-0.8741	1.5838	0.35485	-0.9330	0.8863	-0.02335	-0.8811	0.5616	-0.15975	-0.7797	0.2315	-0.2741	0.0000	0.0000	0	0	0	0
P37840_K12_Y125	115.2249	32	0	1	0	0	0	0	0	0.5391	0.6225	0.5808	0.7008	0.8347	0.76775	0.2811	0.6392	0.46015	0.2297	0.2405	0.2351	0.3030	0.5177	0.41035	0.4334	0.6693	0.55135	-0.1404	0.4398	0.1497	-1.0437	-0.2257	-0.6347	0.4157	0.8295	0.6226	0.6344	1.1485	0.89145	0.5164	1.3633	0.93985	0.0000	0.0000	0	0	1	0.5
P04637_K372_K370	5.4585	1	1	1	0	0	0	0	0	0.5850	0.6160	0.6005	0.6540	0.7655	0.70975	0.2819	0.3851	0.3335	0.3338	0.5989	0.46635	0.6491	0.8842	0.76665	0.2265	0.2265	0.2265	-1.2952	-0.9038	-1.0995	-0.9686	-0.6297	-0.79915	-0.5262	0.0899	-0.21815	-0.5568	0.2519	-0.15245	-0.5792	0.2677	-0.15575	0.0000	0.0000	0	0	0	0
P04637_K372_K382	14.6085	3	0	0	1	0	0	0	0	0.6160	0.6897	0.65285	0.5813	0.6544	0.61785	0.3851	0.7181	0.5516	0.5989	0.6243	0.6116	0.4290	0.8842	0.6566	0.2265	0.5538	0.39015	-1.2873	-0.1929	-0.7401	-0.6314	-0.4291	-0.53025	-0.8482	-0.5258	-0.687	-0.8250	-0.5563	-0.69065	-0.7670	-0.5787	-0.67285	0.0000	0.0000	0	0	1	0.5
P62805_K9_R4	10.7739	2	1	1	0	0	0	0	0	0.5654	0.5835	0.57445	0.6030	0.8294	0.7162	0.2913	0.9503	0.6208	0.3394	0.8802	0.6098	0.3347	0.9433	0.639	0.1862	0.3936	0.2899	-0.2141	0.1646	-0.02475	-1.5609	0.2220	-0.66945	-1.3668	0.2051	-0.58085	-1.2176	0.1598	-0.5289	-1.0691	0.1042	-0.48245	0.0000	0.0000	0	0	0	0
P84243_T12_K10	5.4311	1	0	1	0	0	0	0	0	0.5775	0.6406	0.60905	0.7278	0.7894	0.7586	0.2401	0.2932	0.26665	0.1554	0.2773	0.21635	0.3550	0.6755	0.51525	0.2936	0.5185	0.40605	0.3593	0.6590	0.50915	0.4063	0.9182	0.66225	0.6478	1.1434	0.8956	0.6912	1.2354	0.9633	0.7546	1.3349	1.04475	0.0000	0.0000	0	0	0	0
P84243_T7_K5	6.7930	1	0	0	0	0	0	0	1	0.7073	0.7510	0.72915	0.5111	0.5280	0.51955	0.6187	0.7862	0.70245	0.7201	0.8612	0.79065	0.7431	0.9919	0.8675	0.2128	0.3599	0.28635	0.5230	0.6580	0.5905	-0.9574	-0.7501	-0.85375	-1.2073	-0.9769	-1.0921	-1.3085	-0.8532	-1.08085	-1.3370	-0.7138	-1.0254	0.0000	0.0000	0	3	3	3
Q04206_T305_K310	8.0012	1	1	0	1	0	0	0	0	0.5437	0.5742	0.55895	0.7197	0.8240	0.77185	0.4467	0.4467	0.4467	0.0868	0.1119	0.09935	0.4234	0.6855	0.55445	0.5516	0.7626	0.6571	-1.0088	-0.3768	-0.6928	-1.0074	-0.4622	-0.7348	0.9896	1.4109	1.20025	1.9721	2.4574	2.21475	2.3302	2.8628	2.5965	2.7412	3.0593	2.90025	1	4	2.5
O14920_S181_K163	25.1357	4	0	0	0	1	0	0	0	0.5000	0.9512	0.7256	0.5330	0.9471	0.74005	0.1506	0.9164	0.5335	0.3747	0.7010	0.53785	0.3484	0.6750	0.5117	0.2157	0.9470	0.58135	-1.0513	1.8940	0.42135	-0.9241	0.8404	-0.04185	-0.9538	0.3858	-0.284	-0.7953	0.1307	-0.3323	-0.5527	0.2194	-0.16665	-0.8548	1.9984	0.5718	0	3	1.5
P84243_K10_K15	12.0790	2	0	1	0	0	0	0	0	0.5000	0.5399	0.51995	0.8711	0.9121	0.8916	0.6624	0.7858	0.7241	0.5027	0.8512	0.67695	0.3896	0.9377	0.66365	0.3334	0.4287	0.38105	-0.3945	-0.2773	-0.3359	-0.4826	-0.4144	-0.4485	-0.8437	-0.5584	-0.70105	-1.2056	-0.4127	-0.80915	-1.2185	-0.2803	-0.7494	-0.1833	-0.1635	-0.1734	0	0	0
O95786_T170_K172	5.3533	1	0	0	0	0	1	0	0	0.7484	0.8806	0.8145	0.5000	0.5000	0.5	0.5474	0.7334	0.6404	0.3968	0.4576	0.4272	0.3771	0.4945	0.4358	0.3165	0.4359	0.3762	-1.1560	-0.5873	-0.87165	-0.1999	-0.1126	-0.15625	-0.1246	0.0462	-0.0392	-0.1060	0.2363	0.06515	-0.0909	0.3980	0.15355	-0.5019	0.0703	-0.2158	4	5	4.5
P37840_K12_S129	121.5912	31	0	1	0	0	0	0	0	0.5970	0.6489	0.62295	0.7740	0.8211	0.79755	0.2986	0.2986	0.2986	0.2039	0.2367	0.2203	0.3191	0.3289	0.324	0.3982	0.6895	0.54385	0.0872	0.8845	0.48585	-0.2515	0.8057	0.2771	0.4897	1.0064	0.74805	0.5039	1.3444	0.92415	0.5538	1.4650	1.0094	0.0000	0.0000	0	0	0	0
O43524_R248_S253	14.9087	3	0	1	0	0	0	0	0	0.5000	0.5000	0.5	0.8921	0.9986	0.94535	0.1363	0.3356	0.23595	0.1013	0.4319	0.2666	0.2672	0.7478	0.5075	0.1744	0.9535	0.56395	0.4937	2.9702	1.73195	0.4129	2.1326	1.27275	0.8038	2.4815	1.64265	0.9251	2.5959	1.7605	0.9793	2.5505	1.7649	1.6978	2.1547	1.92625	0	0	0
P62805_K6_R4	6.9161	1	0	1	0	0	0	0	0	0.5654	0.5726	0.569	0.6030	0.9173	0.76015	0.2913	0.9503	0.6208	0.3022	0.8802	0.5912	0.2733	0.9433	0.6083	0.1862	0.8879	0.53705	-0.2141	0.7145	0.2502	-1.5609	0.9487	-0.3061	-1.3668	0.9997	-0.18355	-1.2176	1.0349	-0.09135	-1.0691	1.0646	-0.00224999999999997	0.0000	0.0000	0	0	0	0
P62805_K21_R4	4.5633	1	1	1	0	0	0	0	0	0.5654	0.6028	0.5841	0.6030	0.7335	0.66825	0.4698	0.9503	0.71005	0.6406	0.8802	0.7604	0.3039	0.9433	0.6236	0.1862	0.8604	0.5233	-0.2141	0.6570	0.22145	-1.5609	-0.1230	-0.84195	-1.3668	-0.5325	-0.94965	-1.2176	-0.6255	-0.92155	-1.0691	-0.6636	-0.86635	0.0000	0.0000	0	0	0	0
P04637_S149_T155	12.7028	2	0	1	0	0	0	0	0	0.6915	0.6933	0.6924	0.5805	0.7920	0.68625	0.2481	0.7717	0.5099	0.2093	0.4953	0.3523	0.3226	0.5673	0.44495	0.3455	0.7521	0.5488	-1.0342	1.4321	0.19895	0.0450	0.9622	0.5036	0.2581	1.0569	0.6575	0.3483	1.0441	0.6962	0.4165	0.9408	0.67865	-0.5983	-0.1728	-0.38555	0	2	1
P04637_K372_K373	3.8294	1	1	1	0	0	0	0	0	0.6159	0.6160	0.61595	0.6540	0.8484	0.7512	0.2819	0.3851	0.3335	0.5491	0.5989	0.574	0.4740	0.8842	0.6791	0.2265	0.4740	0.35025	-1.2952	-0.0182	-0.6567	-0.6297	0.2454	-0.19215	-0.5262	-0.0902	-0.3082	-0.5568	-0.2910	-0.4239	-0.5792	-0.3789	-0.47905	0.0000	0.0000	0	0	0	0
O43524_R250_S253	8.6206	2	0	1	0	0	0	0	0	0.5000	0.5000	0.5	0.9714	0.9986	0.985	0.1363	0.2201	0.1782	0.1013	0.2098	0.15555	0.2672	0.4292	0.3482	0.3987	0.9535	0.6761	0.3677	2.9702	1.66895	0.9273	2.1326	1.52995	1.6418	2.4815	2.06165	1.7909	2.5959	2.1934	1.8016	2.5505	2.17605	1.6034	2.1547	1.87905	0	0	0
P04637_T387_K382	9.9488	2	0	0	1	0	0	0	0	0.6284	0.6791	0.65375	0.5824	0.6749	0.62865	0.3851	0.7181	0.5516	0.3058	0.6243	0.46505	0.2905	0.4290	0.35975	0.5538	0.8128	0.6833	-0.1918	1.1605	0.48435	-0.4298	1.2571	0.41365	-0.8489	1.0191	0.0851	-0.8258	0.9092	0.0417	-0.7680	0.8862	0.0591	0.0000	0.0000	0	1	2	1.5
Q04206_S276_K310	64.1601	11	0	0	1	0	0	0	0	0.5000	0.5742	0.5371	0.6330	0.8240	0.7285	0.3738	0.4467	0.41025	0.0868	0.7389	0.41285	0.4234	0.4858	0.4546	0.3956	0.7626	0.5791	-1.0614	-0.3768	-0.7191	-0.9681	-0.4622	-0.71515	-1.2779	1.4109	0.0665	-1.2967	2.4574	0.58035	-1.2587	2.8628	0.80205	-0.2929	3.0593	1.3832	1	2	1.5
Q04206_S311_K310	3.7934	1	0	0	0	0	1	0	0	0.5602	0.5742	0.5672	0.7750	0.8240	0.7995	0.4467	0.5220	0.48435	0.0762	0.0868	0.0815	0.4234	0.4950	0.4592	0.6611	0.7626	0.71185	-0.5405	-0.3768	-0.45865	-0.4622	-0.1868	-0.3245	1.4109	1.5655	1.4882	2.4574	2.5928	2.5251	2.8628	3.0329	2.94785	2.8778	3.0593	2.96855	1	2	1.5
P04637_S37_S15	25.5851	4	0	1	0	0	0	0	0	0.6439	0.6736	0.65875	0.5529	0.7651	0.659	0.1637	0.2841	0.2239	0.2741	0.5479	0.411	0.2999	0.3684	0.33415	0.6957	0.9609	0.8283	0.6782	1.7327	1.20545	-0.0461	1.5838	0.76885	-0.0961	0.8863	0.3951	-0.1399	0.5616	0.21085	-0.2304	0.2315	0.000550000000000009	0.0000	0.0000	0	0	2	1
P84243_K10_K5	16.7905	3	0	0	0	1	0	0	0	0.6406	0.7510	0.6958	0.5280	0.7278	0.6279	0.2932	0.7862	0.5397	0.2773	0.8612	0.56925	0.6755	0.9919	0.8337	0.2128	0.2936	0.2532	0.3593	0.5230	0.44115	-0.7501	0.4063	-0.1719	-1.2073	0.6478	-0.27975	-1.3085	0.6912	-0.30865	-1.3370	0.7546	-0.2912	0.0000	0.0000	0	0	3	1.5
Q04206_K310_K314	6.5712	1	0	0	0	0	1	0	0	0.5340	0.5742	0.5541	0.8240	0.9150	0.8695	0.3738	0.4467	0.41025	0.0695	0.0868	0.07815	0.3566	0.4234	0.39	0.7626	0.8251	0.79385	-0.3768	0.8036	0.2134	-0.4622	0.3860	-0.0381	1.4109	1.8569	1.6339	2.4574	2.8615	2.65945	2.8628	3.2967	3.07975	3.0593	3.1848	3.12205	0	1	0.5
P04637_S366_K373	15.4544	3	0	1	0	0	0	0	0	0.5495	0.5978	0.57365	0.8173	0.8472	0.83225	0.4551	0.6104	0.53275	0.4297	0.5152	0.47245	0.4011	0.4307	0.4159	0.4695	0.5135	0.4915	-0.6053	-0.1006	-0.35295	-1.0833	0.1613	-0.461	-0.7395	0.2053	-0.2671	-0.5190	0.1672	-0.1759	-0.4306	0.1808	-0.1249	0.0000	0.0000	0	0	0	0
P62805_K17_R4	12.3431	2	1	1	0	0	0	0	0	0.5654	0.5835	0.57445	0.6030	0.8231	0.71305	0.2913	0.9503	0.6208	0.3022	0.8802	0.5912	0.3272	0.9433	0.63525	0.1862	0.6940	0.4401	-0.2141	0.3366	0.06125	-1.5609	0.5713	-0.4948	-1.3668	0.4927	-0.43705	-1.2176	0.5074	-0.3551	-1.0691	0.5601	-0.2545	0.0000	0.0000	0	0	0	0
P04637_S37_S46	21.1731	4	0	1	0	0	0	0	0	0.6205	0.6439	0.6322	0.5391	0.7651	0.6521	0.1637	0.2841	0.2239	0.2741	0.4950	0.38455	0.2999	0.3145	0.3072	0.6196	0.9609	0.79025	1.0839	1.7327	1.4083	0.1508	1.5838	0.8673	-0.2031	0.8863	0.3416	-0.2910	0.5616	0.1353	-0.2777	0.2315	-0.0231	0.0000	0.0000	0	0	1	0.5
P84243_S11_K10	3.8213	1	0	1	0	0	0	0	0	0.5523	0.6406	0.59645	0.7278	0.7921	0.75995	0.1939	0.2932	0.24355	0.2501	0.2773	0.2637	0.3996	0.6755	0.53755	0.2936	0.6341	0.46385	0.3593	1.9324	1.14585	0.4063	1.4477	0.927	0.6478	1.3103	0.97905	0.6912	1.2287	0.95995	0.7546	1.2418	0.9982	0.0000	0.0000	0	0	0	0
P04637_T377_K373	9.9511	2	1	0	1	0	0	0	0	0.6159	0.6334	0.62465	0.6233	0.8484	0.73585	0.2819	0.5000	0.39095	0.5491	0.6761	0.6126	0.3394	0.4740	0.4067	0.4740	0.6887	0.58135	-0.3226	-0.0182	-0.1704	0.0618	0.2454	0.1536	-0.2391	-0.0902	-0.16465	-0.4231	-0.2910	-0.35705	-0.5092	-0.3789	-0.44405	0.0000	0.0000	0	0	2	1
P62805_K21_K17	12.1717	2	0	1	0	0	0	0	0	0.5000	0.5340	0.517	0.9597	0.9809	0.9703	0.2062	0.2062	0.2062	0.1333	0.3007	0.217	0.4788	0.5471	0.51295	0.3239	0.3239	0.3239	-1.2430	-0.3369	-0.78995	-1.0445	-0.0759	-0.5602	1.0738	1.6070	1.3404	0.8593	2.1595	1.5094	0.6323	2.1518	1.39205	0.6260	1.3551	0.99055	0	0	0
P84243_R9_K10	3.8181	1	0	1	0	0	0	0	0	0.6265	0.6406	0.63355	0.6316	0.7278	0.6797	0.2932	0.3527	0.32295	0.2773	0.4561	0.3667	0.6755	0.7025	0.689	0.2936	0.3077	0.30065	0.0244	0.3593	0.19185	-0.3221	0.4063	0.0421	-0.0246	0.6478	0.3116	0.0848	0.6912	0.388	0.1861	0.7546	0.47035	0.0000	0.0000	0	0	1	0.5
P04637_T18_S20	5.4470	1	0	0	0	0	1	0	0	0.7753	0.8298	0.80255	0.5000	0.5000	0.5	0.5045	0.5629	0.5337	0.6427	0.6454	0.64405	0.3285	0.4960	0.41225	0.3601	0.5871	0.4736	-1.1599	-0.6924	-0.92615	-0.4923	-0.4144	-0.45335	-0.7364	-0.5817	-0.65905	-0.8378	-0.6399	-0.73885	-0.9557	-0.7044	-0.83005	0.0000	0.0000	0	1	4	2.5
P04637_S15_T18	5.2422	1	0	0	1	0	0	0	0	0.6736	0.7753	0.72445	0.5000	0.5529	0.52645	0.2841	0.5629	0.4235	0.5479	0.6427	0.5953	0.3684	0.4960	0.4322	0.3601	0.6957	0.5279	-1.1599	0.6782	-0.24085	-0.4144	-0.0461	-0.23025	-0.5817	-0.0961	-0.3389	-0.6399	-0.1399	-0.3899	-0.7044	-0.2304	-0.4674	0.0000	0.0000	0	2	4	3
P04637_S378_K382	7.1165	1	0	0	0	0	1	0	0	0.6897	0.7293	0.7095	0.5358	0.5813	0.55855	0.7181	0.7181	0.7181	0.6243	0.7532	0.68875	0.4290	0.5944	0.5117	0.3761	0.5538	0.46495	-1.3937	-0.1929	-0.7933	-1.5215	-0.4291	-0.9753	-1.4160	-0.8482	-1.1321	-1.3956	-0.8250	-1.1103	-1.4148	-0.7670	-1.0909	0.0000	0.0000	0	1	2	1.5
