1	2.22949108110594	5.46471533410824	6.83766246774773	7.83381483262829	9.05951288574304	
2	4.20397199522639	5.71382830917311	6.40040349791021	6.78045785642693	7.17413151336308	
3	3.49707769373582	5.00301137370822	5.3014084857666	5.41584772673671	5.50042838046432	
4	3.88420615821035	5.02390924251838	5.0472776738082	5.10949211119924	5.33158967592569	
5	3.87532786997015	5.40627701863713	5.85281439051969	6.43280919545106	7.4175391374537	
6	4.05257771351386	4.60226576200328	5.75862625246179	7.07620708984041	9.02381425761111	
7	3.68708078781882	5.50260066779897	7.69486800697055	9.63490830454679	12.2718082655419	
8	3.2624010210562	5.89437119356151	8.69996234478761	11.1289014141923	14.3553505147607	
9	3.679983072049	7.37568654151438	10.7765378389888	13.7485182414665	17.7232755782747	
10	5.64181436995008	9.49352592492282	12.8226512862363	16.0709451435182	20.6099565518267	
11	4.05380624946388	8.41675564420658	12.3071987787682	16.0996458370767	21.1617074382993	
12	3.13114485217974	6.7685364256701	10.818855392228	14.4909802577978	19.1441887368641	
13	4.07307409118379	5.54481472436941	10.0266113774368	13.9548474225631	18.5861154857741	
14	2.66593283197056	5.15573436354599	10.0819179332034	14.3290358633865	19.2560504136698	
15	5.49024236743081	7.33486150240815	11.9699132498754	16.6062885949666	22.1405252557459	
16	2.94071957926898	6.70458140262709	12.165598541748	17.2701694464262	22.8774818849902	
17	3.22715879533148	6.83742658284088	12.1204080979877	17.0526492955663	22.4947901612537	
18	4.24865641744262	8.26937080101589	13.503160863595	18.5410763482602	23.8626119967961	
19	4.45083011761921	8.6020329770154	13.9708484208309	19.2140993419306	24.7073937067411	
20	4.0543222021544	8.34044863932652	13.6388076888617	18.2106642149238	22.6976005575026	
21	2.35678828461853	7.27977930732579	11.908105212679	15.5164460734814	19.0965926505423	
22	1.87078067218716	8.3811387794024	12.1648838281791	14.8204487740394	17.3768086446463	
23	2.11366803043176	7.88913130693269	10.3302342458896	12.0077130715697	13.7418585051833	
24	1.52913332413596	7.95908307577657	9.43006719403824	10.4157825255753	11.4694230779041	
25	0.527742939078718	6.10565622187905	6.7024766928836	7.20629644691291	7.89673102659178	
26	3.76864790873628	5.52861167873704	5.80197928779032	5.89968646007983	5.99688327783565	
27	3.70075924672129	5.87714545409337	6.49789136558189	6.83555495303375	7.15457235499729	
28	2.25009846346586	4.75642560488878	5.61751451867357	6.14000155671069	6.63091935386417	
29	3.36491726325554	7.02845459415072	8.22977534635728	8.99060023774678	9.72512836255939	
30	4.25139249492776	7.53976878392771	8.95734437734939	9.96526422884878	10.9978874666363	
31	2.9968327732862	7.50220260589642	9.24009347000906	10.3903416630217	11.4687148660819	
32	2.59847982244819	8.49631356617655	10.1725963039561	11.2941060644469	12.421608574469	
33	3.74173371336044	6.82951732845527	8.28617023345656	9.53193044596166	11.0285621468727	
34	4.48418037345527	8.87484868068739	10.8381123317542	12.4830306406036	14.4302676104569	
35	3.41469962110711	8.31761822639686	10.4859179577155	12.2843802646614	14.3220753534618	
36	2.57601287882054	6.3331388538622	8.24802858169538	9.82165924853014	11.5755636513871	
37	3.37458923936335	7.7199508064475	9.80268938534775	11.5826056105869	13.684145440324	
38	4.08784318135622	7.54905555682008	9.87674661153769	11.8380541586924	14.3463191756102	
39	2.75540021173695	6.52668228957419	8.26006943448926	9.7435215214314	11.6786288893928	
40	1.69837510983191	4.67021138018547	5.93020378125271	7.05179738414972	8.43873162323224	
41	1.76960922616041	3.65708136852538	4.26666609077244	4.84852020214455	5.5998208336153	
42	1.0417512458796	1.42117720078369	1.31794528121906	1.50700858657574	1.98570749798942	
43	0.865473905569227	1.33158444325377	1.42099065131678	1.7606652074837	2.49692354041246	
44	1.67836809948057	3.13298249755689	3.65706500291583	4.06249456155763	4.70772950032643	
45	1.49981862194733	3.78578097334314	5.02639094155356	6.25262472808665	7.9754765773891	
46	3.27548894587837	6.09473653708563	7.52811582855806	8.9201877793347	10.7795264907344	
47	4.84175158911356	7.05475688947043	8.8194194043613	10.6366178756249	13.0548713970078	
48	4.20447188338963	6.85830349653294	8.28995749362712	9.65419815479681	11.4927057244707	
49	4.62929148824823	6.85694098144514	7.84215800542849	8.57767346804265	9.49435505638787	
50	3.32311098610346	4.85133957994685	5.75144757746994	6.60075351984381	7.8471349891172	
51	1.5910385330065	3.50638501427277	4.01535124062938	4.35763438883534	4.83860336897906	
52	1.21027912461965	2.5631795644758	3.30249622273358	3.98792831511729	4.88761890532545	
53	0.602863737007757	2.22889497074829	3.23115917836392	4.08736000729819	5.0334033247117	
54	1.81940119693443	4.1711727713366	5.25414386415339	6.19489171532355	7.35275782097504	
55	3.23707669504879	6.08564074198177	7.54354766596218	8.70077912879583	9.963172185516	
56	2.87240998777676	5.95834108949159	7.36126558617244	8.49360116326073	9.74621957350034	
57	3.91814625149365	6.55725581042382	7.60808420295023	8.64035881104334	10.1313282694055	
58	4.05943488742028	8.26361376466733	9.60401473414547	10.7509726719576	12.368649758443	
59	3.18683827307267	7.50887112653067	8.71647751859249	9.82960232333069	11.509047594938	
60	4.87421383860471	10.059542868738	11.6164996107706	12.8378795537039	14.5531340848215	
61	3.7811406691084	9.34792722504077	10.970064449522	12.1860517526242	13.7380374418205	
62	2.29736636171899	7.52983833239985	9.01433681028107	10.0964247910627	11.4041116694384	
63	3.1804824289637	8.26422726147471	10.0041247908033	11.3805138307768	13.18825003314	
64	5.23659714657486	10.1836342144439	12.0298314772751	13.3163062311339	14.8139127060399	
65	4.76103316220974	9.41294702165525	11.1955898767646	12.7120936351502	14.6964737134733	
66	3.67869859571893	7.20345429093293	8.98691457774755	10.7405637942237	13.1231617663075	
67	2.554786687673	4.56721173920275	6.27379216831902	8.07195708252923	10.572212671548	
68	2.05093114336295	3.84885119933449	6.27480080506285	8.74721247502975	12.1110952042361	
69	3.0697642901513	4.34554871697873	6.2352761041831	8.38227613941591	11.5454477401294	
70	4.75882570998803	6.46613504977762	8.60406135845027	10.9518251685151	14.6219090906502	
71	3.95126507045461	6.93509670949739	9.4763180747983	11.9799618780491	15.6148483089151	
72	2.08882998932629	5.53649342712775	8.73964010354313	11.6863787116923	15.6245384341477	
73	1.4482887968819	5.34222379228191	8.75027171320916	11.9495314952314	16.3526925335148	
74	1.92246514403722	6.77715537768264	10.6400931082754	14.0880555811126	18.8952276962255	
75	3.37538063579115	7.2542878862307	11.4490570652435	15.1895240168518	20.1083098323281	
76	2.15281843556558	6.97658733956135	11.515530488951	15.5748188630268	20.8606412533017	
77	3.36940396048188	7.9231481695259	12.2061534011472	16.1307919074038	21.5647308202865	
78	4.86683979776388	9.68342749044183	14.4259516954066	18.8129112467268	24.8317397735312	
79	5.15909652299587	10.6367809037712	15.1521590209837	19.5984012121052	25.6503254790261	
80	6.54097847715472	11.1483892069804	15.3781661787987	19.8813481234833	26.2082878148389	
