1	6.28266703036844	17.8365950338304	24.5832248352763	35.5056294290135	47.9117729353926	
2	6.29613972241644	15.8815812229036	22.3008998793658	33.4601216341987	45.6500032899448	
3	2.01941355201032	13.1509334908642	20.6531426736699	33.3327024349464	46.7556124896081	
4	4.27857092114928	10.3345616141279	18.4295920260287	31.4489948374966	44.8273090980316	
5	3.52056603132438	8.37166460250831	17.7471237570517	32.1318350844903	46.5448010029677	
6	1.5118075186413	8.46722206854508	18.7995826603814	34.0961626642847	49.5240942544079	
7	2.42983547331523	7.56923962487634	19.1181480253993	35.2864580661162	51.7849885325179	
8	4.08991652153378	6.51077549252329	19.4501687831581	36.5809323723229	54.0174949982668	
9	3.78326024580192	8.48085196268909	21.2836456411622	38.7547830367014	57.1932487796191	
10	3.24126007110967	10.3229076996993	21.9951271619786	38.6841512196366	56.7024856137803	
11	4.60157827600266	12.7280552910149	24.2232254975009	41.0344729799765	59.8951860202902	
12	3.16071987314595	13.2715059306416	25.0283377104811	42.3245059289799	62.0865932350654	
13	1.92297718417467	12.5195025476285	25.0496747209677	43.053695260396	63.4625813760815	
14	4.88074785851323	14.8834398387612	27.1806635825198	45.3580901939083	66.7418602348177	
15	4.14012080067002	13.4681987372934	26.4029838331295	45.0587525820799	66.6694280470921	
16	1.15771230111716	11.0655945548589	24.747941586248	43.5506056113187	64.6352898962637	
17	3.17460649609912	10.1116260938428	24.2864069643382	43.2449270350221	64.0848764189738	
18	2.94984536753452	12.1031373177753	25.8657044945178	44.8460751658611	66.2632733505737	
19	4.16241014602829	12.4452261282477	25.807200436501	44.3432374505947	65.089914380403	
20	3.778312012373	14.7157541158212	27.7455986650291	46.3082863056693	67.6358611231822	
21	3.20108270841024	13.8173595402063	26.9341084152617	45.4573539294892	66.2243919389563	
22	4.17733684905342	14.1841892201818	26.9190765635536	44.8842394653598	64.7122482417239	
23	4.35569839130182	13.2020234039038	25.7719799262447	43.6448982443444	62.9113172371024	
24	4.17475212377955	10.4317644450902	23.4725820299507	41.2992808266583	59.905490969514	
25	3.94663402608976	10.0523112142981	23.4660959898753	41.4244335886263	60.364973658818	
26	3.19277977918581	9.1031704521819	22.0425390812834	39.4344213194152	57.3799886000026	
27	0.571069165523828	8.83266291650657	20.9274726867637	37.5677152813523	54.3120031192945	
28	1.89761140935968	9.71357541512189	20.4912119638661	36.2136057831862	52.0045083052301	
29	1.95834238534122	8.9119886644632	18.9497520683204	33.9904748455171	48.7533897721017	
30	3.22739897863875	11.4251645367103	20.0071060683081	33.7249644398571	47.3050879626604	
31	4.29160860505531	11.6290590113014	19.2687423163253	31.7910368201275	44.0936765878184	
32	1.61791985808445	8.58327266952298	16.8651616182279	30.0873910258574	42.7689916671334	
33	2.82421212283878	7.57763435355422	15.5858936035778	28.1395958417602	39.9804182480434	
34	1.69451229179987	8.03659549060667	15.4517387127981	26.7846368243978	37.6269919923326	
35	0.749754090431533	5.82436160236567	13.7338806836773	24.8087787979388	35.2976592020887	
36	3.17448070599375	6.15262534498966	13.4626088427085	22.9872602081077	32.14763480638	
37	2.69011872443363	4.32731449167142	12.31200899597	21.4665521851352	30.3033756268626	
38	0.609473857764515	1.96483317540734	11.5340905405363	21.1573932594525	30.3529607067108	
39	2.43576566746113	3.29934766081138	11.2761903239299	19.7549398438447	28.0489833587226	
40	3.76595675142478	5.68504874553498	12.3535655480175	20.6971860297503	29.145727738893	
41	4.70387157695258	8.13133956501128	13.1779208881136	20.2871188471139	27.8153928140374	
42	3.35173536659358	7.24219727966567	11.7604232507711	18.2276835671896	24.9899735474223	
43	0.894961600364616	7.8053557815464	11.0862787205379	16.4510592355583	22.100269261947	
44	0.679357099474629	6.93132137634093	9.59811525571825	14.3338441820303	19.287417072775	
45	2.23294603816684	7.28228194102609	8.71494302686516	12.3809999218854	16.2762749088016	
46	3.52743568106353	7.34128731661949	7.98723367425548	10.69145133354	13.7416234157394	
47	3.6469067051155	7.08996534397973	6.94089666326324	8.75695004876911	10.930191201979	
48	2.69784513049138	6.91058852951429	7.30092938797104	9.4771481504897	11.7644118242631	
49	4.04238580289457	6.82795796904029	8.06144699770441	10.2040397250691	12.1705050663628	
50	2.5139244765108	8.39121570530422	10.5770582777633	12.8799581020694	14.8392799437675	
51	3.47919356899343	8.72606285319184	12.0156349535501	14.4376098808116	16.3081716047388	
52	1.47041173334124	11.0211222915791	15.1382231866592	17.7022784615178	19.5987849529046	
53	2.68678980055035	11.5642586973512	16.692632952417	19.4372418916367	21.4267110133893	
54	0.32339072980513	14.1489955306678	20.0163045198259	22.9029713977209	24.9415156769638	
55	2.37199389999949	15.0232641646993	21.7064251653858	24.7952988231473	27.0504214100232	
56	3.75893228577124	17.8859003732021	25.1463631026233	28.3603508395708	30.6589768627679	
57	5.03364716249019	18.4068778435801	26.3135007416143	29.795521887265	32.4449634931841	
58	2.05953603188655	16.8625709613051	24.5376373269954	28.0165889956092	30.9780760817184	
59	2.01435197008808	14.7083628979436	22.0696803795986	25.7068897056682	28.9816052368792	
60	1.36714074066571	16.0378103828217	23.4875113885886	27.3423192819029	31.1559755981833	
61	1.28165804915239	14.5606912777188	20.9008456014663	24.7635444906937	29.025055990033	
62	3.7821821414506	16.4864278411318	22.6083700907036	26.6972624170202	31.6037754515869	
63	3.74362333888027	15.5322074513747	20.9151817094863	25.2435607367764	30.7830554785792	
64	1.94381193601816	12.8346273080763	17.9504465474886	22.3525197306645	27.8293485576645	
65	0.755059696236636	12.0731517372168	16.6684888913799	21.3751113554947	27.4902054914162	
66	3.70865058837141	9.92421062121782	14.3069809171295	19.0637353344085	25.0226489540237	
67	4.65530975929447	9.23952562553392	13.3059399131972	18.318494682535	24.8023496871896	
68	2.34560242076278	7.23401888650077	11.2586738485681	16.055584204858	21.9475452136545	
69	2.01195218603757	5.30211869651831	9.52530483597908	14.102604208345	19.4016740512426	
70	2.41982784345285	5.78918691515653	10.887168062333	15.1416814360916	19.7682971901879	
71	3.77505762448303	4.77514725743521	10.1940269690326	13.9982289294873	17.8155925668317	
72	3.11605518808857	6.70004154234085	12.7592021587593	16.3645640952147	19.7082824095649	
73	3.40185249204036	7.37235608476156	13.3287174782523	16.5609842706655	19.2673570489618	
74	1.59813711535192	6.3812859160934	11.6673442621839	14.664444642893	17.0142386232862	
75	0.483323865466228	4.1714568623307	8.61069232847128	11.3962302581041	13.6709866760386	
76	3.47912356529398	4.41570738565459	7.8453246820973	10.3990774829551	12.4114284749264	
77	1.81451022991327	4.34086426880672	6.02269979011404	8.0390701420408	9.82510694564452	
78	3.62439813136586	5.60984312765315	6.58924883232474	8.4398379003563	10.2359941833626	
79	1.01765990481301	7.18966438970618	7.80277580884164	9.02486128830279	10.4443422761594	
80	3.64959537448413	9.37196572283662	10.3754874015836	11.7158799843629	13.2691286043989	
81	3.79366883625264	11.3503589974656	12.3958430792824	13.2068801677739	14.2046909116272	
82	2.95580136336908	11.6047007229959	12.4505103385869	12.8225569618906	13.4303963531347	
83	3.35875983003658	13.8671126901084	14.9712896055701	15.2293380754905	15.7101937862475	
84	4.58585384174943	14.3613247213475	15.4167769095499	15.6601858071584	16.3267130271991	
85	4.99671369718009	15.0509818844436	16.8789272970586	17.6498752708867	18.8870436681503	
86	5.18311854261156	12.6070841544479	14.5952617920644	15.8717280294695	17.8638483182752	
87	3.94831181390022	10.6719775256406	11.9285332622613	12.774665513572	14.3629642602023	
88	1.78706517591777	8.0489827743988	9.54450578704276	10.8726017314721	12.8280825248605	
89	1.65366784842677	6.93791397104655	8.31257102546903	9.50225635271488	11.0497962261787	
90	1.86840227588545	4.66716216920347	7.13405707845317	9.26934472203416	11.4454992854496	
91	2.78844357110294	3.83244466019719	7.36294356313883	10.2664641475721	13.2428262085135	
92	2.02423696380265	2.35656719951132	7.34096988278005	10.8919713452136	14.3507352358264	
93	2.72971570374262	2.47404112003303	6.92786894036973	11.0301649108159	15.4337994098698	
94	2.5989875345325	3.5884131475695	6.6177797062665	10.6222877981416	15.2915862691873	
95	3.75533302391355	4.56815789421446	7.46972873717176	12.0067827284299	17.6175961250785	
96	0.970764083615449	6.55320899704926	9.61118903037165	13.8740122098265	19.5475052926744	
97	1.95778867160297	7.10439379948018	10.7764755371033	15.6687645237096	22.3007206229689	
98	2.12411296421701	8.66717685520229	12.7281216170997	17.407503606947	24.0014165983205	
99	1.09192202325059	7.80766929666986	12.6323895800213	18.1513909547377	25.8482758076061	
100	3.68719588774041	9.74622773916891	14.8278622658189	20.0070730572462	27.3964565139609	
101	3.84397453240155	10.3244112753772	16.4902242193613	22.3306374434144	30.5925817171138	
102	2.73267487258566	9.24152974104199	16.0236941041845	22.6038442919267	31.8192164835654	
103	5.24067316953124	7.44634909399541	14.9588008887462	22.3565076961507	32.4674356997722	
104	3.78305304483168	7.70738517197728	16.3141993378632	24.2859379230776	35.0542167248253	
105	3.51530199915569	9.65797248596316	17.9044404582729	25.3158870743255	35.4431437897964	
106	4.30531765940818	10.5051826332438	19.4552691832165	27.4981241376694	38.3738471391042	
107	3.33452400604638	12.7762765854347	21.7311367676945	29.836809730354	41.1309297526093	
108	3.22295637582306	12.821685158021	21.933010921128	30.56397340683	42.6688878028199	
109	2.61215145519698	12.2516892012661	22.1841088060946	31.5810282902169	44.3503952204052	
110	3.80017745283306	13.232451964317	23.3365781008381	33.2612686168122	46.819781357229	
111	1.79818880699991	10.7950397608096	21.9155064370742	32.3924836561914	46.0292113642933	
112	4.08326607997421	12.6910331421498	23.8996247436007	34.5677382574937	48.4156603045054	
113	3.04915215444528	10.6386561231313	22.790203766237	33.9880703884468	47.9287920365446	
114	4.41452466745656	8.69751514712058	21.7648045231291	33.3520143366057	47.6197413081038	
115	3.3735153614515	7.02253035647589	21.1363245461579	32.8778657458189	46.8108018170727	
116	0.851112378508635	6.60549214812168	20.1132419360434	31.160918199333	44.184967357086	
117	2.02807198340707	8.09035675120006	20.9015606544975	31.8197899613756	44.4385240175573	
118	2.95653983316205	9.21288882188994	20.1382979739987	29.9743762402268	41.5399703461165	
119	4.61275403597002	10.3858795674633	19.7960196097878	28.7112862580709	39.3263946995587	
120	3.7036615439725	10.5977589253986	20.915430980721	30.3687025731117	41.3541634202484	
121	2.1652822901837	10.6602802884868	20.580618261876	29.6191423571661	40.2475938068651	
122	3.64997302501155	11.7056101935083	22.004672707845	31.1365885052058	41.7886982181378	
123	3.36717023233125	10.112048027664	21.6644931979025	31.5756834601681	43.1111334989201	
124	3.38473983480905	13.001195650242	23.4736091411129	32.730664294445	43.6207899790431	
125	5.64585863362905	14.2191463528708	23.3376010497196	31.9056201037032	42.4075108357038	
126	3.46049445469087	11.3784957745964	21.3737127907822	30.7140780989542	42.092395067234	
127	2.66116939129654	10.5696578883837	21.8009413823902	32.0500409801547	44.4542439668879	
128	4.65829883390499	9.75281684956621	20.4338172420012	30.6557180097976	43.3214699242698	
129	4.20511985402766	9.14819247320494	21.4702117206551	32.6163823879559	46.1917369995852	
130	3.56589949370061	9.20545507726636	23.1391223338503	35.0348705941252	49.1883717715801	
131	2.79079170258556	7.45777083257472	22.9398646904123	35.1834434720331	49.3119314750977	
132	4.21728773649403	8.53334757397373	24.6717161862826	37.4962683747029	52.0027619888922	
133	3.93075498492017	10.3467218142248	26.4064666899152	39.868232090562	55.1050604052215	
134	3.96888877832025	12.126479196927	27.6441454334248	41.3265894066248	57.2256736560452	
135	2.46750087695226	13.8267216714591	29.5215506791599	43.620198702744	59.78295693175	
136	1.29425674671048	15.0129142602715	30.8776385341499	44.929157250152	60.9921406926457	
137	1.92769275769241	16.8771045545397	32.5788565928281	46.9206512938621	63.1225807806283	
138	0.449793703450177	19.2205352713633	34.7056615343709	49.1544622380901	65.7143671969277	
139	6.64955325858915	21.698192944519	36.7438770348759	51.141883712002	67.4669995924592	
140	5.5282729398848	22.0109287473238	37.374576230139	52.3775036058736	69.7340986971125	
