12	6.92882709600688	11.6091483355644	19.6366242973029	30.3284688603578	43.0424162921384	
13	7.20849383824841	11.8456167671268	20.6718431974778	30.9540956783322	41.751528589577	
14	1.30884759972868	7.23515141382075	18.2988954382295	28.5265158705576	38.4118033086828	
15	2.56013140785631	4.62115813383698	16.9432103323136	26.3611111010059	34.9584968302861	
16	2.356112155579	4.03257658786779	16.384990354087	24.8741681602797	32.4533962531837	
17	1.63492033094839	3.09791808523057	15.7765243739963	22.7600623304173	29.0903773412961	
18	2.38219112546346	4.47106241187304	15.6675439621034	21.1367336984089	26.1674716465309	
19	2.20879681721705	5.35532170169045	15.5194199846262	20.1657123735943	24.5111429794355	
20	1.10078677959327	6.36550268167615	14.4183983302398	17.7338107862821	20.9903087684275	
21	1.13073087548266	7.93754113473728	13.7249891509832	15.9695021058744	18.2122217231372	
22	1.5887009167908	8.13434679365954	12.4099279163044	14.0737846295604	15.7270130065525	
23	2.47060187277916	7.98920967439716	10.6786259032488	11.5857736359857	12.3476428065772	
24	2.51803439993614	7.83844746727141	10.3694738538382	11.2595035454573	11.9940642826525	
25	3.32484143712394	7.44628929884571	9.24543652670582	9.69630911723883	9.8344000324751	
26	2.03278591545491	5.14074692259407	6.80677904460276	7.28074726609707	7.43715452666486	
27	2.10852079700215	6.30642526422475	8.66104777825425	9.69412953679845	10.6466265878871	
28	2.72144250969808	7.35623325265911	9.32073675352129	10.0625650769791	10.6545298406297	
29	2.08983365559659	5.12796815291859	7.1710709300392	8.20429967015616	9.24481592465084	
30	1.75365071603972	6.40518563558527	9.31268263762589	10.9389903536292	12.7135512818988	
31	4.20789751679993	6.50775247038948	10.0094953694294	12.3120214472372	14.9860204456492	
32	3.74003123259655	7.86937145469602	11.3689466083815	13.6582179590863	16.4000313000003	
33	2.18057263382767	6.37083343607825	9.34861892589545	11.1575633147702	13.3497881225326	
34	1.36878066468385	3.84130387372609	7.79776456367533	10.1221262581365	12.817265629451	
35	2.02260211287523	5.40755857284264	10.0001368950787	12.8642706117319	16.3160601944365	
36	2.34984321259572	6.83325636003726	10.6898906372425	13.0801204381794	16.18611756319	
37	2.44527406663294	5.39112940472108	8.78330687771151	10.9177507030997	13.8142610207236	
38	1.70985454861174	5.28536701470714	9.68905589483587	12.3870066555786	15.8574132941774	
39	1.99771070406049	7.38929109721839	12.124080909762	15.0142427789676	18.8870977563678	
40	3.70752610565428	8.59569139360936	12.3570879356598	14.6375167895727	18.0402107543543	
41	4.3935831351174	8.48474404475647	11.9858301612466	14.2427469331849	17.6357751838998	
42	4.46503236544809	9.8182139535249	14.2745125574929	17.0363288376409	21.0350085109464	
43	3.54976594899542	8.63360213180682	13.3630354477842	16.4208005067671	20.5402204745319	
44	4.8731045542657	9.79549474998736	14.9565407439172	18.4995983206804	23.2321169749272	
45	4.10113248337219	9.45882832494377	14.4234302316369	18.0231373051916	22.7153591689267	
46	2.82299138537451	8.07649440286592	12.7710287380028	16.0665049954181	20.2110526112738	
47	4.29570750406531	9.510662454354	13.7161164419822	16.7634319963834	20.7323725708214	
48	5.00592190574356	9.59247876885783	13.212562697912	15.9967029774117	19.7178200140049	
49	3.26786776396148	8.87366516009809	12.1823088103164	14.506301431601	17.5446039987891	
50	1.12480720540564	6.1658985946616	9.96939697623459	12.4332236447322	15.3875045817814	
51	1.83780548881461	4.72744454298998	8.46680871688682	10.7904185033965	13.4544530781676	
52	3.01122919737518	5.96728260178661	8.74723091911148	10.4987322995633	12.5552299377576	
53	2.22088553514822	6.21578385005462	8.75729748248011	10.2834777059184	12.0538666649398	
54	1.91307086695395	3.43587622809303	6.2230593981657	7.84400336450847	9.63377849912553	
55	1.08845021887748	2.91328209289	5.34099647290178	6.48080691060435	7.55882052560398	
56	2.41747073496701	5.24743031895421	6.85410187278091	7.50891472013868	8.04509802565855	
57	2.46638756580504	4.96448714259852	6.33449194003094	6.92351191413404	7.51309035749326	
58	2.17071203216902	1.97678340163067	3.18935684110737	3.64247977669055	4.16353222398267	
59	1.82554938494425	3.19494635524626	4.19129131584873	4.15916968465531	3.59343168974497	
60	2.42970581781187	5.28806724771677	6.27247543095978	6.31163039381275	6.03710261604194	
61	2.32680973703229	3.47752356231956	4.4189323455373	4.64610350634174	5.07509527479929	
62	2.1510391460227	1.66237042500895	2.27722517486024	2.48561761816265	3.08855175036965	
63	2.21001784028469	4.30391054276114	5.2682181552508	5.55615184050132	5.80422214103359	
64	2.61637838243314	5.0761378030282	6.51983683412698	7.22728932177232	8.1698849764734	
65	0.930882255834742	2.32703727115167	4.47082892191663	5.8682780720496	7.89455199911068	
66	2.00507665228154	2.71554738106167	4.61463419827867	6.07806758368649	8.06978217863097	
67	2.49138287216152	5.26354957206943	7.24586260441358	8.67705936882463	10.578468997513	
68	2.17848216855734	4.71094845411659	7.61401978421855	9.69061791229588	12.497442596526	
69	0.692445135213465	2.63718830600421	6.49344986931723	9.01407249049485	12.3550502872385	
70	2.06113980057304	4.74165186556836	8.1372026570175	10.4894912591001	13.5946818610474	
71	2.23840985042116	6.29147779522683	9.89607885642199	12.4948511369159	16.0193854999858	
72	1.89818966926301	5.48409700474084	9.77167040779239	12.8874937443243	17.1908389075004	
73	0.365906180587612	5.63456448750348	10.3038338679667	13.4080667717779	17.6344457405405	
74	2.17825492916272	7.81435228292247	12.3520690525737	15.4072803090589	19.6325837015335	
75	3.54720299982378	9.16808804527657	13.5456968079929	16.8750501036168	21.7383443929563	
76	4.33910499430997	9.10490328848876	13.7034246268324	17.2202792660795	22.4138754696443	
77	4.6199624414775	10.3749873287844	15.3198924446401	18.7683628124162	23.801561881442	
78	4.01430700635288	9.78132974793425	14.5342006743087	17.7003582314205	22.1968538879464	
79	5.37099832870769	9.90667386102199	13.8311444261815	16.4238209654521	20.0231741754327	
80	4.15485408618146	9.18694155485553	12.7363545658406	15.1873318098214	18.6619874123693	
81	3.8730095113313	6.74487889543159	9.95422409362742	12.318476512172	15.6965099779267	
82	3.73195933211137	7.08080884535031	10.3500321097601	12.8564746166152	16.6514677113515	
83	3.73551800615885	7.06223310645127	9.877856369498	12.047404568729	15.605332315039	
84	3.16283528357804	6.43857486052468	10.0561497213932	12.8160233943639	17.1497643322857	
85	1.32504806961571	4.12767684128957	8.24219771925832	11.2009311624153	15.4420534391843	
86	1.7242401309096	3.06872426504388	6.45204666539097	8.84051818012534	12.3818432250912	
87	1.3072744880429	4.70092248948416	8.20880089927599	10.5931398124784	14.4089634021867	
88	2.48953893841769	5.23187653531947	8.91949288204436	11.6278270314119	15.7491984523366	
89	0.828002246886874	3.46125481677395	7.00374835460285	9.37128797581359	12.7897678144908	
90	1.13187025628999	4.08800683688755	6.98954232826469	8.85100115511954	11.877524974249	
91	1.97185683305684	6.82138868922405	9.9568916617499	11.9771784792178	15.311956128104	
92	3.79992171238717	7.67579198858517	10.5009312525455	12.4492334691492	15.4923270074161	
93	4.14322066078104	7.10880161760923	9.34547729695753	10.6997055893128	12.8780685222313	
94	4.76724890628442	8.86458656770173	11.1830082449044	12.522741493026	14.8685287620265	
95	4.41010854757434	7.4922322321597	9.64761017514136	10.9709089647205	13.5296867481164	
96	4.32348353196042	8.42513410441576	11.1149843575578	12.6947582208504	15.7570543088068	
97	3.52400894962558	8.13222731790329	10.6585809256927	12.2114704175751	15.337739991949	
98	3.93363009327606	10.7030657042275	13.5326734032051	15.1498774875349	18.4354047063415	
99	6.82001901018737	12.1557755886054	14.8532934434322	16.4465434521006	19.7080934809978	
100	3.39805371504986	9.59669391741903	12.5009227997742	14.3787009758645	17.9013626807401	
