1	2
1	3
1	43
1	44
1	46
1	62
1	63
1	64
1	65
1	66
1	67
10	11
10	12
10	8
10	9
11	12
11	13
11	15
11	9
12	13
12	14
12	17
12	9
13	14
13	15
13	17
13	21
13	9
14	15
14	16
14	17
14	21
15	16
15	17
15	19
16	17
16	18
16	19
16	20
16	21
17	18
17	19
17	20
17	21
18	19
18	20
18	21
19	20
19	21
2	3
2	4
2	42
2	43
2	44
2	45
2	46
2	47
2	48
2	66
2	67
20	21
20	22
21	22
21	23
22	23
22	24
23	24
23	25
23	4
24	25
24	26
24	4
25	26
25	27
25	4
25	42
25	6
26	27
26	28
26	4
26	42
26	44
26	51
27	28
27	29
27	33
27	42
27	44
27	51
28	29
28	30
28	31
28	32
28	33
28	42
28	51
28	52
28	53
28	56
29	30
29	31
29	42
29	50
29	51
29	52
29	53
3	4
3	41
3	42
3	43
3	44
3	5
3	54
3	62
30	31
30	32
30	51
30	52
30	53
30	56
30	57
31	32
31	33
31	34
31	35
31	36
31	52
31	53
31	56
32	33
32	34
32	35
33	34
33	35
33	36
33	42
33	53
34	35
34	36
35	36
35	37
36	37
36	38
36	39
36	40
36	53
36	56
37	38
37	39
37	40
37	55
37	8
38	39
38	40
38	6
38	7
38	8
39	40
39	41
39	5
39	6
39	7
39	8
4	40
4	41
4	42
4	43
4	44
4	5
4	53
4	6
40	41
40	42
40	5
40	53
40	6
40	7
41	42
41	43
41	5
41	52
41	53
41	54
41	55
41	6
41	62
42	43
42	44
42	5
42	51
42	52
42	53
42	54
42	6
43	44
43	45
43	50
43	51
43	52
43	53
43	54
43	57
43	59
43	62
43	63
43	67
44	45
44	46
44	48
44	49
44	50
44	51
44	52
44	67
45	46
45	47
45	48
45	49
45	50
45	51
45	67
45	68
45	69
45	72
46	47
46	48
46	66
46	67
46	68
46	69
47	48
47	49
47	67
47	68
47	69
47	72
48	49
48	50
48	68
48	69
48	71
48	72
49	50
49	51
5	6
5	7
50	51
50	52
50	57
50	67
50	69
50	70
51	52
51	53
51	67
52	53
52	54
52	56
52	57
52	59
52	67
53	54
53	55
53	56
53	57
53	58
53	59
53	6
54	55
54	56
54	57
54	58
54	59
54	60
54	61
54	62
55	56
55	57
55	58
55	59
56	57
56	58
57	58
57	59
57	67
57	69
57	70
58	59
58	60
59	60
59	61
59	62
59	63
59	67
6	7
6	8
60	61
60	62
61	62
61	63
61	64
62	63
62	64
63	64
63	65
63	66
63	67
64	65
64	66
65	66
65	67
66	67
66	68
66	76
67	68
67	69
67	72
68	69
68	70
68	72
68	73
68	74
68	76
69	70
69	71
69	72
69	73
69	74
7	8
7	9
70	71
70	72
70	73
70	74
70	75
71	72
71	73
71	74
71	75
71	76
72	73
72	74
72	75
72	76
72	77
73	74
73	75
73	76
73	77
73	78
74	75
74	76
74	77
74	78
74	79
75	76
75	77
75	78
75	79
76	77
76	78
76	79
76	80
77	78
77	79
78	79
78	80
79	80
8	9
