1	2
1	3
10	11
10	12
10	7
10	8
10	9
100	101
100	102
100	98
100	99
101	102
101	103
101	105
101	99
102	103
102	104
102	105
102	106
102	99
103	104
103	105
104	105
104	106
104	107
104	108
104	109
105	106
105	107
106	107
106	108
107	108
107	109
108	109
108	110
109	110
109	111
109	112
109	113
11	12
11	13
11	9
110	111
110	112
110	114
111	112
111	113
111	114
112	113
112	114
113	114
113	115
113	116
113	117
114	115
114	116
115	116
115	117
116	117
116	118
117	118
117	119
118	119
118	120
119	120
119	121
12	13
12	14
120	121
120	122
121	122
121	123
122	123
122	124
122	126
123	124
123	125
123	126
123	127
123	128
123	131
124	125
124	126
125	126
125	127
126	127
126	128
127	128
127	129
127	130
128	129
128	130
129	130
129	131
13	14
13	15
13	16
13	17
13	9
130	131
130	132
131	132
131	133
132	133
132	134
133	134
133	135
134	135
134	136
135	136
135	137
136	137
136	138
137	138
137	139
138	139
138	140
139	140
14	15
14	16
15	16
15	17
16	17
16	18
17	18
17	19
17	21
18	19
18	20
18	21
19	20
19	21
19	22
2	3
2	4
20	21
20	22
21	22
21	23
21	24
21	25
22	23
22	24
22	25
23	24
23	25
24	25
24	26
25	26
25	27
26	27
26	28
27	28
27	29
28	29
28	30
29	30
29	31
29	32
3	4
3	5
3	6
30	31
30	32
31	32
31	33
32	33
32	34
33	34
33	35
34	35
34	36
35	36
35	37
35	38
36	37
36	38
37	38
37	39
38	39
38	40
39	40
39	41
39	42
4	5
4	6
40	41
40	42
41	42
41	43
42	43
42	44
43	44
43	45
44	45
44	46
45	46
45	47
45	48
46	47
46	48
46	80
47	48
47	49
47	78
47	79
48	49
48	50
48	78
49	50
49	51
49	76
49	77
49	78
5	6
5	7
50	51
50	52
50	76
51	52
51	53
51	74
51	76
52	53
52	54
52	74
53	54
53	55
53	74
54	55
54	56
55	56
55	57
55	58
55	59
56	57
56	58
57	58
57	59
58	59
58	60
59	60
59	61
6	7
6	8
60	61
60	62
61	62
61	63
61	64
61	72
62	63
62	64
63	64
63	65
64	65
64	66
64	70
65	66
65	67
66	67
66	68
66	69
66	70
67	68
67	69
67	95
67	97
68	69
68	70
68	95
68	97
69	70
69	71
69	92
69	93
69	94
69	95
7	8
7	9
70	71
70	72
70	93
71	72
71	73
71	75
71	92
71	93
72	73
72	74
73	74
73	75
74	75
74	76
75	76
75	77
75	90
75	92
76	77
76	78
77	78
77	79
77	89
77	90
78	79
78	80
79	80
79	81
79	82
79	89
79	90
8	9
80	81
80	82
81	82
81	83
82	83
82	84
82	87
82	88
82	89
83	84
83	85
83	87
84	85
84	86
84	87
85	86
85	87
86	87
86	88
87	88
87	89
88	89
88	90
88	91
88	94
89	90
89	91
90	91
90	92
91	92
91	93
91	94
92	93
92	94
93	94
93	95
94	95
94	96
95	96
95	97
96	97
96	98
97	98
97	99
98	99
