100	83
100	84
100	87
100	97
100	98
100	99
12	13
12	14
13	14
13	15
14	15
14	16
15	16
15	17
16	17
16	18
17	18
17	19
18	19
18	20
19	20
19	21
20	21
20	22
21	22
21	23
22	23
22	24
23	24
23	25
23	26
23	59
24	25
24	26
24	27
24	28
25	26
25	27
25	28
25	29
26	27
26	28
26	29
26	55
26	58
26	59
27	28
27	29
27	30
27	55
28	29
28	30
29	30
29	31
29	33
29	34
29	37
29	55
29	58
30	31
30	32
30	33
30	34
30	36
30	51
30	55
31	32
31	33
31	34
31	35
31	36
31	51
31	55
32	33
32	34
32	35
32	36
32	39
33	34
33	35
33	36
33	37
34	35
34	36
34	37
34	38
34	39
34	50
34	51
34	54
34	55
35	36
35	37
35	38
35	39
35	40
35	46
35	51
36	37
36	38
36	39
36	40
37	38
37	39
37	40
37	41
38	39
38	40
38	41
38	42
38	43
38	46
39	40
39	41
39	42
39	43
40	41
40	42
41	42
41	43
42	43
42	44
43	44
43	45
43	46
44	45
44	46
45	46
45	47
46	47
46	48
46	50
46	51
47	48
47	49
47	50
47	51
48	49
48	50
48	51
48	52
49	50
49	51
49	52
49	53
50	51
50	52
50	53
50	54
50	55
51	52
51	53
51	54
51	55
52	53
52	54
52	55
52	56
53	54
53	55
53	56
53	57
54	55
54	56
54	57
54	58
54	59
55	56
55	57
55	58
55	59
55	60
56	57
56	58
56	59
56	60
57	58
57	59
57	60
57	61
58	59
58	60
58	61
58	62
58	63
59	60
59	61
59	62
59	63
59	64
60	61
60	62
60	63
60	64
61	62
61	63
61	64
61	65
61	66
61	90
61	95
62	63
62	64
62	65
62	66
62	67
63	64
63	65
63	66
63	67
63	68
64	65
64	66
64	67
64	68
64	93
65	66
65	67
65	68
65	69
65	86
65	89
65	90
65	93
66	67
66	68
66	69
66	70
66	71
67	68
67	69
67	70
67	71
68	69
68	70
68	71
68	72
68	89
68	92
68	93
69	70
69	71
69	72
69	73
69	81
69	85
69	86
69	89
70	71
70	72
70	73
70	74
70	81
71	72
71	73
71	74
71	75
72	73
72	74
72	75
72	76
72	85
72	88
72	89
72	92
73	74
73	75
73	76
73	77
73	78
73	79
73	80
73	81
73	82
73	85
74	75
74	76
74	77
74	78
75	76
75	77
76	77
76	78
77	78
77	79
78	79
78	80
78	81
78	82
78	85
79	80
79	81
80	81
80	82
80	85
81	82
81	83
81	85
81	86
82	83
82	84
82	85
82	86
83	84
83	85
83	86
83	87
84	85
84	86
84	87
84	88
84	89
85	86
85	87
85	88
85	89
86	87
86	88
86	89
86	90
86	91
87	88
87	89
87	90
87	91
87	97
88	89
88	90
88	91
88	92
88	93
89	90
89	91
89	92
89	93
90	91
90	92
90	93
90	94
90	95
90	97
91	92
91	93
91	94
91	95
92	93
92	94
93	94
93	95
94	95
94	96
95	96
95	97
96	97
96	98
97	98
97	99
98	99
