58	7	0.341991341991	0.00303916849327	0.761904761905
30	9	0.34649122807	0.0100210276077	0.638888888889
42	19	0.424731182796	0.0841044756961	0.374269005848
43	18	0.420212765957	0.0702533431762	0.424836601307
60	5	0.287272727273	0.000338620591785	0.8
61	6	0.294776119403	0.00233697458656	0.666666666667
62	10	0.340517241379	0.0184261027087	0.488888888889
63	9	0.340517241379	0.0107337350183	0.555555555556
64	6	0.291512915129	0.00318161675533	0.666666666667
65	5	0.296992481203	0.000466393542805	0.9
66	9	0.341991341991	0.0584459110316	0.472222222222
67	18	0.385365853659	0.0834552629654	0.372549019608
68	12	0.30859375	0.0188408892238	0.515151515152
69	13	0.333333333333	0.0380939638733	0.512820512821
80	3	0.219444444444	0.0	1.0
52	16	0.395	0.0398920208477	0.466666666667
53	20	0.424731182796	0.114115438332	0.363157894737
24	5	0.325102880658	0.0242022840731	0.6
25	7	0.34649122807	0.0195360013266	0.52380952381
26	8	0.357466063348	0.0159919909781	0.571428571429
27	8	0.359090909091	0.00830353684289	0.571428571429
20	6	0.224431818182	0.00215043322844	0.733333333333
21	9	0.275261324042	0.135132622945	0.444444444444
22	4	0.267796610169	0.0184976711373	0.5
23	5	0.334745762712	0.15771695186	0.5
46	10	0.339055793991	0.0065039600229	0.644444444444
47	9	0.334745762712	0.00535393514645	0.694444444444
44	16	0.405128205128	0.0692442839052	0.416666666667
45	13	0.359090909091	0.0257080719589	0.564102564103
28	12	0.349557522124	0.0139590943521	0.530303030303
29	9	0.354260089686	0.00483575055723	0.638888888889
40	11	0.374407582938	0.0347041967267	0.527272727273
41	13	0.387254901961	0.0395162133682	0.474358974359
1	11	0.352678571429	0.0194128131178	0.509090909091
3	10	0.389162561576	0.0208670841695	0.577777777778
2	12	0.396984924623	0.0919326637314	0.5
5	8	0.351111111111	0.0184988523101	0.678571428571
4	14	0.424731182796	0.211365142078	0.406593406593
7	7	0.306201550388	0.043156069103	0.619047619048
6	11	0.372641509434	0.0694974061238	0.509090909091
9	6	0.259868421053	0.0570224455964	0.466666666667
8	7	0.306201550388	0.0617829608358	0.47619047619
32	6	0.286231884058	0.00166646854895	0.666666666667
49	6	0.322448979592	0.000873281029536	0.733333333333
13	7	0.236526946108	0.0189794866669	0.52380952381
77	7	0.244582043344	0.00105582746377	0.857142857143
76	11	0.278169014085	0.0515176064478	0.509090909091
75	9	0.264214046823	0.0071766450722	0.722222222222
12	6	0.218232044199	0.00955826439631	0.533333333333
73	10	0.265993265993	0.00771773265603	0.688888888889
72	13	0.30859375	0.0409359358182	0.525641025641
71	8	0.285198555957	0.00374475291604	0.714285714286
70	9	0.322448979592	0.042508721397	0.583333333333
15	6	0.196517412935	0.00310043848763	0.533333333333
79	6	0.230320699708	0.000804983536919	0.8
78	7	0.230994152047	0.00135614652119	0.761904761905
11	5	0.216438356164	0.00659742537661	0.6
10	4	0.251592356688	0.0138206344983	0.666666666667
39	9	0.321138211382	0.0121598266769	0.583333333333
38	7	0.298113207547	0.00400686454918	0.714285714286
59	12	0.372641509434	0.0245944197142	0.484848484848
48	11	0.334745762712	0.0241993070246	0.527272727273
14	6	0.227011494253	0.00484757363242	0.666666666667
16	7	0.222535211268	0.00349311562965	0.714285714286
19	6	0.22191011236	0.00319559318023	0.8
54	14	0.369158878505	0.0278915276128	0.472527472527
31	11	0.339055793991	0.0211625776824	0.527272727273
56	10	0.357466063348	0.01003109095	0.555555555556
51	14	0.387254901961	0.0296812963704	0.472527472527
36	10	0.330543933054	0.0224401230322	0.4
35	6	0.284172661871	0.00514706302495	0.666666666667
34	5	0.273356401384	0.000272933817238	0.9
33	9	0.333333333333	0.0177962978985	0.5
55	8	0.360730593607	0.0211663246937	0.571428571429
74	11	0.266891891892	0.0158737833737	0.636363636364
37	7	0.323770491803	0.0247119659352	0.428571428571
18	5	0.220670391061	0.0	1.0
17	9	0.228985507246	0.0112465039303	0.555555555556
57	13	0.389162561576	0.0877802447857	0.448717948718
50	12	0.364055299539	0.0247762881563	0.469696969697
