133	4	0.0628390596745	0.0767626892275	0.5
132	4	0.0628390596745	0.0192529206449	0.5
131	5	0.0665390138822	0.127757863415	0.3
130	5	0.0627539503386	0.00215976287293	0.5
137	4	0.0562753036437	0.0228547596705	0.5
136	4	0.0563665855637	0.0196836319764	0.5
135	4	0.0594271056007	0.046792876258	0.5
134	4	0.0594779632007	0.022930723744	0.5
139	3	0.053358925144	0.00276921320087	0.666666666667
138	4	0.0534821085033	0.0116786074246	0.5
24	5	0.0677718186251	0.00259792166267	0.7
25	6	0.0716864363074	0.276135613249	0.533333333333
26	4	0.0709183673469	0.0118166336496	0.5
27	4	0.0751351351351	0.289559656623	0.5
20	4	0.0641439778496	6.71926227134e-05	0.833333333333
21	8	0.0683382497542	0.235058062803	0.464285714286
22	6	0.067738791423	0.0123032009175	0.6
23	4	0.0676728334956	0.0	1.0
28	4	0.0742124933262	0.0155962186772	0.5
29	5	0.0787535410765	0.309395961492	0.5
4	4	0.0505270810614	0.00708998018976	0.666666666667
8	4	0.0558008831794	0.0252319883224	0.666666666667
120	4	0.0738575982997	0.0277699837872	0.5
121	4	0.0743315508021	0.210187104607	0.5
122	5	0.0700958144226	0.0229539410846	0.5
123	8	0.0704510897111	0.198121869723	0.357142857143
124	4	0.0660960532573	0.000121562828788	0.833333333333
125	4	0.0660018993352	6.95096097035e-05	0.833333333333
126	6	0.0662220104812	0.000869451054161	0.6
127	6	0.0662220104812	0.00930637098219	0.533333333333
128	5	0.0661904761905	0.00887714914227	0.6
129	4	0.0626126126126	0.000227892220385	0.666666666667
59	5	0.0950752393981	0.0192530621962	0.5
58	5	0.091267235719	0.00527560772062	0.6
55	6	0.095928226363	0.0253569826869	0.466666666667
54	4	0.0985116938342	0.0139763803133	0.5
57	4	0.0911475409836	0.00111933640935	0.833333333333
56	4	0.0906718851924	0.0021986815944	0.666666666667
51	6	0.108678655199	0.0336727193001	0.533333333333
50	5	0.107668474051	0.0478741218296	0.5
53	5	0.104197901049	0.0318572944345	0.5
52	5	0.107668474051	0.031499637622	0.5
115	4	0.0819092516205	0.000571570495961	0.833333333333
114	6	0.0812390414962	0.00282359766413	0.533333333333
117	5	0.0829355608592	0.255898818697	0.5
116	5	0.0821513002364	0.0209295103676	0.6
111	5	0.0862818125388	0.00213236590255	0.8
110	5	0.085328422345	0.00619544758581	0.6
113	7	0.0876418663304	0.30327367085	0.47619047619
112	5	0.0862818125388	0.00213236590255	0.8
82	8	0.114781172585	0.271351972699	0.392857142857
83	5	0.103499627699	0.00289958340888	0.6
80	5	0.114876033058	0.273767155471	0.4
81	4	0.109105180534	0.00457314368695	0.666666666667
119	4	0.0784867306606	0.230069563973	0.5
87	7	0.110229976209	0.0150261625238	0.52380952381
84	5	0.103499627699	0.00311686384383	0.7
85	4	0.0996415770609	5.21322072777e-05	0.833333333333
3	5	0.0505454545455	0.0213220727766	0.5
7	5	0.0558232931727	0.0573975602127	0.5
108	5	0.0907310704961	0.0122832490208	0.6
109	7	0.092420212766	0.337503664919	0.428571428571
102	7	0.101980924431	0.384169818296	0.47619047619
103	4	0.0949453551913	0.000878664657207	0.833333333333
100	4	0.104511278195	0.0694184129271	0.666666666667
101	5	0.0994277539342	0.0130330518194	0.6
106	5	0.0951403148528	0.0133022435806	0.7
107	5	0.0907310704961	0.00352416064803	0.7
104	7	0.0972027972028	0.348363546057	0.52380952381
105	6	0.0950752393981	0.00724637681159	0.6
39	5	0.0989323843416	0.265926389323	0.5
38	5	0.0946221919673	0.255917005526	0.5
33	4	0.0863354037267	0.179473812255	0.5
32	5	0.0824925816024	0.253970736454	0.5
31	4	0.0823947836396	0.083932853717	0.666666666667
30	4	0.0776536312849	0.0124248427345	0.666666666667
37	4	0.0945578231293	0.126994056928	0.666666666667
36	4	0.090318388564	0.0903624926146	0.666666666667
35	5	0.0904359141184	0.278403364265	0.5
34	4	0.0863354037267	0.174330101136	0.5
60	4	0.0916282135794	0.00649730409457	0.5
61	6	0.10007199424	0.0506821138739	0.333333333333
62	4	0.095270733379	0.00527125231081	0.666666666667
63	4	0.0983026874116	0.0073005167909	0.666666666667
64	6	0.0998563218391	0.0337108054095	0.4
65	4	0.101311953353	0.0199570976482	0.5
66	6	0.107501933488	0.0211680747369	0.533333333333
67	6	0.110055423595	0.0454698305374	0.533333333333
68	6	0.110492845787	0.0681563240862	0.6
69	9	0.113008130081	0.0497381657265	0.444444444444
2	3	0.0481635481635	5.21322072777e-05	0.666666666667
6	5	0.0530939648587	0.0373787926181	0.5
99	5	0.106676899463	0.340513044892	0.5
98	4	0.109190887667	0.145784384572	0.5
91	6	0.113100081367	0.0243131883303	0.533333333333
90	7	0.11449752883	0.0635021262838	0.428571428571
93	7	0.112824675325	0.0184429462633	0.52380952381
92	7	0.11449752883	0.0558528740252	0.47619047619
95	7	0.114121510673	0.0981804261936	0.47619047619
94	7	0.116904962153	0.315810320829	0.428571428571
97	6	0.111378205128	0.278420773225	0.4
96	4	0.112641815235	0.220687558218	0.5
11	4	0.058550968829	0.00442359919995	0.666666666667
10	5	0.055756117128	0.00170298543774	0.5
13	7	0.0618327402135	0.161206941438	0.380952380952
12	4	0.058550968829	0.00503734613838	0.5
15	4	0.0615044247788	0.00318585711141	0.833333333333
14	4	0.0584033613445	0.000234919565542	0.666666666667
17	6	0.0650140318054	0.194152943293	0.466666666667
16	5	0.0615589016829	0.00769832931234	0.6
19	5	0.0645910780669	0.00129724536981	0.7
18	5	0.0646211064621	0.0104686819107	0.6
88	7	0.116904962153	0.289998684447	0.380952380952
89	7	0.113008130081	0.0231617468208	0.47619047619
41	4	0.0990734141126	0.0385363409482	0.666666666667
48	6	0.105945121951	0.0805986410697	0.466666666667
49	7	0.108763693271	0.0438497461919	0.47619047619
46	5	0.11218724778	0.307778453731	0.4
86	4	0.10522331567	0.00565977867845	0.666666666667
44	4	0.107751937984	0.338617239035	0.5
45	5	0.107501933488	0.126565456177	0.5
42	5	0.103345724907	0.370959411445	0.5
43	4	0.103268945022	0.083424211866	0.5
40	4	0.0988620199147	0.130330518194	0.666666666667
118	4	0.0778711484594	0.0276692145977	0.5
1	2	0.0481468652581	0.0	1.0
5	4	0.0530736922489	0.0185590657908	0.666666666667
9	5	0.0587241233629	0.1111556049	0.5
140	2	0.0508040935673	0.0	1.0
77	7	0.109881422925	0.0257659467272	0.428571428571
76	7	0.110229976209	0.0443080700226	0.428571428571
75	7	0.111022364217	0.0457990219083	0.333333333333
74	7	0.110229976209	0.0707310283857	0.333333333333
73	4	0.105542900532	0.0015930392437	0.666666666667
72	5	0.109105180534	0.0675123897618	0.3
71	7	0.109707971586	0.0245840079963	0.428571428571
70	7	0.108848864526	0.0608498333848	0.380952380952
79	8	0.112459546926	0.077583836045	0.357142857143
78	7	0.108424336973	0.0263362149582	0.428571428571
47	6	0.1112	0.0867118618231	0.466666666667
