24	6	0.245125348189	0.0241793037337	0.6
25	6	0.249291784703	0.014242732901	0.733333333333
26	9	0.297297297297	0.0588451262223	0.5
27	7	0.258064516129	0.0127677063895	0.666666666667
20	4	0.195555555556	0.0493456246133	0.5
21	4	0.230366492147	0.140381956102	0.5
22	4	0.231578947368	0.0445372418854	0.5
23	6	0.28025477707	0.203284332661	0.4
28	6	0.252148997135	0.00825701361484	0.733333333333
29	11	0.295302013423	0.109761933956	0.418181818182
59	12	0.337164750958	0.275086867578	0.469696969697
58	11	0.325925925926	0.145646644993	0.509090909091
55	16	0.306620209059	0.174637110654	0.375
54	10	0.297297297297	0.0709585816393	0.577777777778
57	8	0.310954063604	0.0484720724589	0.714285714286
56	8	0.281150159744	0.00918306192881	0.714285714286
51	13	0.258823529412	0.0627182926516	0.423076923077
50	10	0.255072463768	0.0448446917739	0.555555555556
53	8	0.269938650307	0.0181629991883	0.678571428571
52	8	0.245810055866	0.00962968579092	0.678571428571
88	10	0.251428571429	0.00926646440661	0.6
89	13	0.256559766764	0.0244030512727	0.5
82	8	0.21568627451	0.00527105290153	0.642857142857
83	7	0.214634146341	0.00671267464219	0.666666666667
80	6	0.186836518047	0.000374003391245	0.866666666667
81	10	0.218362282878	0.0232050815624	0.511111111111
86	12	0.254335260116	0.0531580279193	0.484848484848
87	10	0.249291784703	0.0217741408147	0.533333333333
84	8	0.21568627451	0.00501668273077	0.642857142857
85	13	0.222222222222	0.0268829852598	0.461538461538
100	6	0.206088992974	0.00955884098825	0.466666666667
39	10	0.216216216216	0.0174137614756	0.577777777778
38	10	0.217283950617	0.018138367044	0.555555555556
33	8	0.24649859944	0.00307763699636	0.75
32	7	0.218362282878	0.000967549515211	0.809523809524
31	9	0.254335260116	0.0130102493979	0.666666666667
30	10	0.260355029586	0.0247211471432	0.511111111111
37	9	0.248587570621	0.0462131634975	0.611111111111
36	10	0.22	0.00413493881779	0.644444444444
35	11	0.219451371571	0.00872224215661	0.527272727273
34	14	0.260355029586	0.0790459349505	0.450549450549
60	9	0.31654676259	0.0486374999261	0.666666666667
61	11	0.328358208955	0.22490130586	0.472727272727
62	9	0.312056737589	0.0553655766214	0.694444444444
63	10	0.31654676259	0.105234416646	0.644444444444
64	10	0.314285714286	0.0845174485325	0.6
65	12	0.292358803987	0.0805721504141	0.484848484848
66	10	0.282051282051	0.0638019800993	0.622222222222
67	9	0.276729559748	0.0380500556819	0.666666666667
68	12	0.287581699346	0.07505862756	0.484848484848
69	12	0.252148997135	0.0466044531375	0.484848484848
99	3	0.195555555556	0.0	1.0
98	4	0.196428571429	0.000629207956794	0.666666666667
91	9	0.245125348189	0.0039957284651	0.638888888889
90	12	0.292358803987	0.104488137795	0.454545454545
93	10	0.277602523659	0.0203332815923	0.511111111111
92	8	0.248587570621	0.00712791873991	0.642857142857
95	7	0.273291925466	0.0551256295732	0.47619047619
94	6	0.237196765499	0.00383381296812	0.666666666667
97	7	0.237196765499	0.0423621817821	0.380952380952
96	4	0.225641025641	0.00583802983945	0.5
13	3	0.126801152738	0.0032574349827	0.666666666667
12	2	0.114285714286	0.0	1.0
15	4	0.144262295082	0.0317070026498	0.5
14	4	0.12865497076	0.0197115102079	0.5
17	4	0.166037735849	0.0629957498986	0.5
16	4	0.146179401993	0.035100406589	0.5
19	4	0.193832599119	0.0984131005803	0.5
18	4	0.167938931298	0.0453959608705	0.5
48	6	0.212048192771	0.000895690345119	0.8
49	6	0.227390180879	0.00105545768596	0.8
46	9	0.217283950617	0.0432646393889	0.361111111111
47	6	0.211538461538	0.0101394572061	0.666666666667
44	4	0.181443298969	0.000663601386218	0.666666666667
45	4	0.181443298969	0.00063324455339	0.666666666667
42	6	0.181818181818	0.00125213243008	0.666666666667
43	7	0.18487394958	0.00361988719996	0.52380952381
40	7	0.209523809524	0.00195603997752	0.761904761905
41	6	0.206572769953	0.00231813305868	0.8
77	6	0.181069958848	0.000370080111459	0.733333333333
76	6	0.205607476636	0.00122068347471	0.8
75	6	0.209026128266	0.00312001083378	0.8
74	8	0.210023866348	0.00836475901145	0.642857142857
73	14	0.217821782178	0.037105034786	0.428571428571
72	12	0.25	0.0400570130849	0.424242424242
71	9	0.243767313019	0.0363560312881	0.611111111111
70	9	0.24649859944	0.0314772207135	0.583333333333
79	5	0.183716075157	0.000323501796203	0.8
78	9	0.188034188034	0.00424040740671	0.555555555556
