pdb_id: 

  chain id|    res id|  res name|    average DPX|      s_avg DPX|   s-ch avg DPX| s-ch s_avg DPX|        max DPX|        min DPX|     average CX|       s_avg CX|    s-ch avg CX|  s-ch s_avg CX|         max CX|         min CX|
         A          1        ALA        0.792664        0.870759        0.647335        0.897227         2.38504               0      0.00393531       0.0130519      0.00590297       0.0156178       0.0472237               0
         A          2        ARG         0.71031        0.880099        0.444545        0.642619         3.00546               0       0.0447184       0.0757101       0.0536621       0.0799906        0.255407               0
         A          3        THR        0.994549        0.897245        0.959396        0.946122         2.94678               0      0.00153975      0.00555164               0               0       0.0215565               0
         A          4        LYS         1.10374         1.07154        0.889502         1.01737         3.11969               0        0.112061        0.168161        0.136963        0.176498        0.590821               0
         A          5        GLN        0.634136        0.838378        0.495777        0.813728         2.52296               0         0.27865        0.219647        0.322888        0.228595        0.708176               0
         A          6        THR        0.882302         0.98553        0.468829        0.807791         2.52767               0        0.044442       0.0597995       0.0363503        0.068931        0.225868               0
         A          7        ALA        0.586218        0.766783        0.353913        0.791374         2.12348               0        0.278094       0.0876662        0.329273       0.0781755         0.42738        0.177387
         A          8        ARG        0.548524        0.750775        0.439305        0.704799         2.06641               0        0.539187        0.350653         0.57771        0.368486         1.34155        0.190843
         A          9        LYS        0.577929        0.766384        0.591924        0.810918         2.21131               0        0.983275        0.371095         1.04901        0.376757         1.97711        0.532335
         A         10        SER        0.210043        0.446752               0               0         1.23145               0         1.33746        0.274308         1.48058        0.241447         1.85476        0.984738
         A         11        THR         0.31244        0.496391        0.108151        0.324452         1.23373               0         1.32159        0.202331         1.38426        0.196866         1.74207         1.06334
         A         12        GLY        0.294216        0.465954               0               0         1.07944               0        0.835305        0.071077        0.869681       0.0813578        0.984738        0.736646
         A         13        GLY        0.175914          0.4309               0               0          1.2314               0        0.725089       0.0362678        0.742627       0.0442729        0.781175        0.680625
         A         14        SER        0.397563         0.52869        0.154259        0.377855          1.2319               0        0.896549       0.0993857        0.912164        0.121039         1.06334        0.766081
         A         15        SER        0.285503        0.466867        0.154242        0.377813         1.08032               0         1.25752        0.342218          1.4173        0.332986         2.06467        0.911904
         A         16        GLY        0.558284        0.912921               0               0         2.38963               0         0.93361        0.052961        0.955339       0.0556203         1.00382        0.877455
         A         17        SER        0.285753        0.467286        0.154399        0.378199         1.08158               0        0.872845       0.0776348        0.830724       0.0264606         1.06334         0.79653
         A         18        SER        0.513698        0.712038        0.286124        0.700857         2.00287               0         1.18817        0.184549         1.17644        0.184193         1.51081        0.911904
         A         19        GLN        0.445913        0.749862         0.34077        0.678203         2.27142               0         1.50483        0.294477         1.58688        0.287155         2.06467         1.02328
         A         20        SER        0.308415        0.505033        0.154301        0.377958         1.23241               0         1.13366        0.155274         1.20453        0.151394         1.42323        0.911904
         A         21        LEU        0.436518        0.590685        0.333495        0.573754         1.76304               0        0.703028        0.159728        0.643789        0.115563         1.04311        0.566899
         A         22        ILE        0.287144        0.482263        0.144237        0.367734         1.23213               0         1.68202        0.338354         1.78726        0.300469         2.41635         1.14843
         A         23        ASP        0.192557        0.431717               0               0         1.23233               0          1.1261        0.131159         1.09177        0.145143         1.31553        0.812152
         A         24        GLU        0.363504        0.516233        0.196312         0.41644         1.23413               0          1.2479         0.42326         1.39378        0.389419         2.36125         0.66718
         A         25        ASP        0.261412        0.453372        0.134754        0.356525         1.07881               0        0.309465        0.170213        0.300721        0.186454        0.628106      0.00191117
         A         26        ALA        0.849087        0.744097        0.807479         0.85344           2.002               0      0.00316709      0.00950127      0.00527848        0.011803       0.0316709               0
         A         27        VAL        0.709958        0.971544        0.477434        0.877351         2.33473               0        0.173078        0.175836        0.230771        0.167065        0.590821               0
         A         28        CYS         1.37759         1.00135         1.35831          1.0612         2.40132               0               0               0               0               0               0               0
         A         29        SER        0.285398        0.466731        0.154267        0.377874         1.08113               0        0.100606        0.122751        0.107775        0.131565        0.362075               0
         A         30        ILE        0.696853        0.781005        0.639328        0.825028         2.12361               0       0.0998238        0.107461       0.0942091        0.106371        0.302485               0
         A         31        CYS         1.38437         1.04444         1.04962         1.17383         2.83172               0       0.0761275       0.0896289       0.0854336        0.109638        0.294395               0
         A         32        MET        0.320685        0.498752        0.166065        0.389456         1.23312               0           1.093        0.718135         1.28496         0.71648         2.78905          0.3445
         A         33        ASP        0.541688        0.828829        0.419192        0.784373         2.27032               0        0.212675        0.171167        0.134547        0.128057        0.510127               0
         A         34        GLY         0.63213        0.773167        0.668826        0.945863         2.00648               0        0.916454        0.267695        0.982016        0.367049         1.34155        0.477997
         A         35        GLU        0.520756        0.670863        0.378504        0.658772         2.00501               0        0.922502        0.538888         1.11702        0.493004         2.20612        0.211614
         A         36        SER        0.484553         0.53473        0.291385        0.461806          1.2306               0       0.0165612       0.0351316       0.0130124       0.0318736       0.0910865               0
         A         37        GLN        0.257496        0.466257       0.0833126        0.288603           1.233               0        0.390966        0.259621        0.453789         0.26535         1.12651       0.0578554
         A         38        ASN        0.408499        0.675615        0.197573         0.59272         1.97573               0        0.524714        0.174861         0.60912        0.123304         0.79653        0.218699
         A         39        SER         1.15792        0.927905         1.10197        0.981986         2.25939               0        0.217705        0.100725        0.272317       0.0686539        0.362075       0.0419876
         A         40        ASN         1.29669         1.02768        0.971597        0.944915         3.15654               0               0               0               0               0               0               0
         A         41        VAL         1.69092         1.18238         1.27036         1.05129         3.41895               0               0               0               0               0               0               0
         A         42        ILE         1.84433         1.09321         1.51712        0.920488         4.13917               0               0               0               0               0               0               0
         A         43        LEU         4.03961        0.463915         4.04897        0.490215         4.89427         3.09729               0               0               0               0               0               0
         A         44        PHE         1.13308         1.10778        0.834839         1.04128         2.72351               0       0.0108529        0.032612       0.0135661        0.035953        0.114425               0
         A         45        CYS          2.9383        0.499725         2.98191        0.443393         3.63237         2.03503               0               0               0               0               0               0
         A         46        ASP        0.942348         1.00136        0.933304         1.00243         2.48216               0       0.0582322       0.0876507       0.0730451       0.0981744        0.247889               0
         A         47        MET        0.352514        0.567602        0.301997        0.572695         1.76445               0        0.368646        0.472426        0.473795        0.494403         1.45174               0
         A         48        CYS        0.282471        0.585537        0.470785        0.694814         1.75655               0       0.0225631       0.0525861       0.0295645       0.0661083        0.177387               0
         A         49        ASN        0.331946        0.672644        0.213961        0.641883         2.13961               0        0.359645        0.335684        0.492466        0.309364         1.06334               0
         A         50        LEU        0.993609        0.955001        0.756025        0.849713           3.118               0               0               0               0               0               0               0
         A         51        ALA          1.5912         1.00124         1.23094         1.00166         2.87064               0               0               0               0               0               0               0
         A         52        VAL          2.7454         1.22727         2.29106         1.04604         4.89433               0               0               0               0               0               0               0
         A         53        HIS         2.24229         1.12054         2.02307          1.1947         4.07913               0               0               0               0               0               0               0
         A         54        GLN          2.1168         1.44795         1.77603         1.44036         4.29744               0      0.00372075        0.014883      0.00486559       0.0168549       0.0632527               0
         A         55        GLU        0.530775        0.823064        0.325591        0.754265          2.5016               0       0.0928214        0.109875        0.119828        0.115551        0.278512               0
         A         56        CYS        0.921611        0.820796        0.806979        0.854874          2.0631               0       0.0138784       0.0416353               0               0        0.138784               0
         A         57        TYR         0.80823         1.02976        0.741992         1.07767         2.87997               0       0.0464044       0.0789397       0.0329225       0.0576436        0.294395               0
         A         58        GLY        0.510182        0.825871        0.705624        0.997903         2.11687               0         0.29256        0.168165        0.283011        0.204828        0.499263               0
         A         59        VAL         1.04024        0.895513         1.18567         0.92755         2.63391               0       0.0262634       0.0509781      0.00482129       0.0159904        0.157764               0
         A         60        PRO        0.492998        0.573392         0.32403        0.494965         1.34948               0        0.721544        0.298964        0.784038        0.324973         1.36815        0.263015
         A         61        TYR        0.359986        0.683317        0.187245        0.541562         2.09937               0        0.807606        0.388239        0.928107        0.323736         1.74207        0.114425
         A         62        ILE        0.853264        0.909995        0.556807        0.742819         2.57374               0       0.0380823       0.0703876       0.0198986       0.0567185        0.218699               0
         A         63        PRO        0.900143        0.872565        0.501658        0.643079         2.38629               0       0.0959168        0.109593       0.0758383        0.115843        0.335882               0
         A         64        GLU        0.281154          0.4668        0.196349        0.416518         1.07995               0         1.06427        0.440503         1.18804        0.435737         2.25621        0.467588
         A         65        GLY        0.807793        0.749185        0.669081        0.946224         2.00724               0        0.466478        0.215497        0.597279        0.210571        0.781175        0.138784
         A         66        GLN         0.42426        0.594751        0.301382        0.571275          1.7581               0        0.363367        0.303727        0.446138        0.296529         1.00382               0
         A         67        TRP         1.67208         1.11575         1.62139         1.19226         3.96804               0               0               0               0               0               0               0
         A         68        LEU         1.03252        0.882559         1.01936        0.913381         2.33321               0               0               0               0               0               0               0
         A         69        CYS         1.35234         1.03581        0.939257         1.06172         2.78654               0               0               0               0               0               0               0
         A         70        ARG        0.403116        0.677012        0.267249        0.570343         2.11958               0        0.505421        0.362659        0.589727        0.338345         1.31553               0
         A         71        HIS        0.376894        0.752358        0.172154         0.62071         2.41015               0        0.507538        0.525756        0.634246        0.531499         1.67176               0
         A         72        CYS         1.35296         1.00085        0.987458         1.08509         2.47332               0               0               0               0               0               0               0
         A         73        LEU         1.00186         1.10484         0.63084        0.939745          2.5903               0       0.0647315       0.0812526        0.070981       0.0878703        0.255407               0
         A         74        GLN        0.807973        0.928902        0.481218         0.77867         2.33938               0        0.294938        0.168625        0.342241        0.163705        0.653949       0.0525127
         A         75        SER         0.39752        0.528596        0.154407        0.378217         1.23011               0        0.215461        0.108461        0.214333        0.119082        0.408091       0.0578554
         A         76        ARG        0.460072         0.78593        0.333204        0.732529         2.73999               0        0.246087         0.11695        0.233433        0.112238        0.477997       0.0687052
         A         77        ALA        0.769839        0.848944         0.55219        0.848988         2.23351               0        0.336444         0.14596        0.263546       0.0627133        0.680625        0.184077
         A         78        ARG          0.4052         0.67551        0.267599        0.571314         2.11223               0         1.73212           1.056          1.9046         1.07295         4.48415        0.510127
         A         79        PRO        0.674563        0.729441        0.501296        0.642802         2.11926               0        0.912618        0.213664         0.86143        0.221249         1.29008         0.52115
         A         80        ALA        0.228797        0.428694               0               0          1.0798               0         2.09448        0.557448         1.98428        0.403486         3.25301         1.48092
