pdb_id: 

  chain id|    res id|  res name|    average DPX|      s_avg DPX|   s-ch avg DPX| s-ch s_avg DPX|        max DPX|        min DPX|     average CX|       s_avg CX|    s-ch avg CX|  s-ch s_avg CX|         max CX|         min CX|
         B          1        MET        0.225283        0.436335        0.143951        0.367006         1.08162               0         3.52587         1.56894         3.90349          1.5594         7.01529         1.85476
         B          2        ASP         0.17156        0.384162               0               0         1.07935               0         1.80826        0.242958         1.90389        0.113936         2.06467         1.29008
         B          3        VAL        0.340609        0.507211        0.179917        0.402306         1.23143               0         1.03478       0.0913342         1.01265       0.0904281         1.21699        0.844226
         B          4        PHE        0.164484        0.393584               0               0         1.23063               0         1.54858        0.269906          1.6233        0.248134         2.02025         1.10503
         B          5        MET        0.320202         0.49798         0.16566        0.388507         1.23063               0         1.38903        0.436339         1.50417        0.431326         2.41635         0.79653
         B          6        LYS        0.393318        0.521836        0.297718        0.480138         1.23197               0         1.36473        0.504514         1.46944        0.497504         2.59306         0.75124
         B          7        GLY        0.469912        0.546808               0               0         1.23144               0        0.775529       0.0965478        0.735232       0.0778611        0.911904         0.66718
         B          8        LEU        0.286921        0.481859        0.143914        0.366911         1.23019               0         1.57862        0.571321         1.74943        0.522232          2.6561        0.844226
         B          9        SER        0.484193        0.534333        0.290859        0.460951         1.23049               0        0.871589       0.0791834         0.88445       0.0925896         1.04311        0.722294
         B         10        LYS        0.343984        0.505084        0.237616        0.444616         1.23047               0         1.33427        0.583585         1.42897        0.604001         2.93203        0.736646
         B         11        ALA        0.677745        0.944332               0               0         2.71612               0         1.10151        0.167697         1.18489        0.148655         1.42323        0.812152
         B         12        LYS        0.393132         0.52157        0.297695        0.480098         1.23048               0           1.524        0.393816         1.61774        0.374249         2.59306         1.02328
         B         13        GLU        0.363583        0.516311        0.196363        0.416549         1.23218               0        0.784264        0.161369        0.717334        0.117208         1.10503        0.578769
         B         14        GLY        0.329985        0.523317               0               0         1.23059               0         1.57112        0.250269         1.49514          0.1843         1.93518         1.19366
         B         15        VAL        0.471579        0.746271        0.260559         0.61489         2.10457               0          1.7236        0.269895         1.80922        0.247806         2.20612         1.31553
         B         16        VAL        0.273451        0.475747       0.0900573        0.298686         1.23065               0         1.30435        0.144694         1.34217        0.107185         1.48092        0.966014
         B         17        ALA        0.231118        0.463503               0               0         1.23217               0         0.74254        0.122087        0.695309        0.133317        0.929607         0.52115
         B         18        ALA        0.329165        0.506014               0               0         1.23214               0        0.859699        0.178974        0.954509        0.155789         1.14843        0.578769
         B         19        ALA        0.328944        0.505657               0               0         1.23083               0        0.911124         0.21529         1.01679        0.218399         1.34155        0.603058
         B         20        GLU        0.363156        0.515671        0.196152        0.416101         1.23078               0         1.36329        0.327933         1.50034        0.273817         1.97711        0.929607
         B         21        LYS        0.627799        0.752985        0.523495        0.715387         2.29839               0        0.653004       0.0726874        0.660714       0.0715111        0.781175        0.532335
         B         22        THR        0.312278        0.496089        0.107989        0.323967         1.23133               0        0.909106        0.237055         1.01605        0.195208         1.31553        0.590821
         B         23        LYS        0.617289        0.731034        0.510711        0.685251         2.07604               0         1.36993        0.569525         1.53405        0.494747         2.72138        0.467588
         B         24        GLN        0.247993        0.447568        0.166028         0.38937         1.07998               0          1.1191        0.566347         1.26391        0.571385         2.41635        0.532335
         B         25        GLY        0.469783        0.546632               0               0          1.2301               0         0.56808       0.0653031        0.561263       0.0952377        0.640925         0.42738
         B         26        VAL        0.196547        0.409679       0.0900257        0.298581         1.08443               0         1.51126        0.326001         1.56162        0.330336         2.02025        0.929607
         B         27        ALA        0.329414        0.506364               0               0          1.2317               0         1.62378        0.080009         1.60279        0.092805         1.77863         1.48092
         B         28        GLU        0.363337        0.515953         0.19631        0.416437         1.23119               0         1.84487        0.243531         1.94505        0.197692         2.20612         1.42323
         B         29        ALA        0.437283        0.538659        0.180002        0.402497         1.23412               0         1.53659        0.106941         1.47272        0.063314         1.74207         1.39537
         B         30        ALA         0.33043        0.507967               0               0         1.23669               0         1.74362        0.234666         1.87649        0.206646         2.15754         1.45174
         B         31        GLY        0.141354        0.346244               0               0        0.989475               0         1.37675       0.0463908         1.40595       0.0573898         1.48092         1.34155
         B         32        LYS         0.39288        0.521202        0.297239        0.479351         1.23145               0         1.45704        0.313423         1.51511        0.317026         2.15754         1.10503
         B         33        THR        0.311956         0.49553        0.107808        0.323423         1.22922               0         1.34377        0.150594         1.39574         0.14079         1.63794         1.08398
         B         34        LYS        0.336934        0.493606        0.297463        0.479714         1.07993               0          1.7429         0.53105         1.86049        0.517043         2.93203         1.12651
         B         35        GLU        0.363631        0.516356        0.196253        0.416315         1.23194               0         1.16225        0.103899          1.1941        0.100604         1.34155         1.00382
         B         36        GLY        0.175887        0.430834               0               0         1.23121               0         1.17888       0.0584003         1.17282       0.0657101         1.24083         1.08398
         B         37        VAL        0.341518         0.50874        0.179992        0.402475         1.24127               0         1.48305        0.155706         1.53446        0.146536         1.81618         1.29008
         B         38        LEU         0.28741        0.482584        0.143772        0.366548         1.23071               0         1.19982        0.116352         1.23969       0.0916283         1.45174        0.966014
         B         39        TYR         0.15704         0.38664               0               0         1.23205               0         1.13259        0.255416         1.12824        0.281285         1.81618         0.79653
         B         40        VAL        0.272528        0.474083       0.0900503        0.298663         1.22637               0         1.63216        0.326304         1.73894        0.307096         2.25621         1.19366
         B         41        GLY        0.141046         0.34549               0               0         0.98732               0          1.6212        0.136609         1.71474        0.147506         1.85476         1.51081
         B         42        SER        0.373558        0.495207         0.29059        0.460487         1.08368               0         1.06306        0.106747         1.07077       0.0992707         1.29008        0.929607
         B         43        LYS        0.393001        0.521391         0.29739        0.479603         1.23065               0         1.54694         0.35635         1.63784        0.330951         2.41635         1.08398
         B         44        THR         0.38942        0.524644        0.215849        0.431698         1.23042               0         1.07497        0.077301         1.09519       0.0772723         1.24083        0.966014
         B         45        LYS        0.337471        0.494411        0.297707        0.480115         1.08429               0         1.06585         0.13256         1.07921        0.140176         1.48092        0.812152
         B         46        GLU        0.362895        0.515258        0.196236         0.41628          1.2281               0           1.054        0.361946         1.17332        0.350805         1.85476        0.603058
         B         47        GLY        0.471323        0.548505               0               0          1.2363               0        0.572812       0.0642163        0.541341        0.047092        0.708176        0.477997
         B         48        VAL        0.408647        0.529422        0.270117        0.467856         1.23082               0        0.712901        0.144078        0.775527        0.106888        0.894523        0.477997
         B         49        VAL        0.340214        0.506543        0.179781        0.402002         1.22711               0        0.596132       0.0999143        0.569495       0.0853631        0.828048        0.457325
         B         50        HIS         0.19344        0.420062               0               0         1.22802               0         1.22994        0.530842         1.37938        0.522879          2.6561        0.615485
         B         51        GLY        0.294482        0.466357               0               0          1.0798               0        0.784392       0.0997864        0.723756        0.049732        0.966014        0.653949
         B         52        VAL         0.51881        0.610214        0.416984          0.6139          1.7629               0         1.36584        0.329008         1.49875        0.270091         1.85476        0.894523
         B         53        ALA        0.436929        0.538061        0.179834        0.402121         1.22907               0         1.09088        0.119961         1.03164         0.10305         1.26519        0.894523
         B         54        THR        0.389807        0.525199        0.215885         0.43177         1.23255               0         1.68358        0.310066         1.81938        0.260157         2.20612         1.24083
         B         55        VAL        0.408427        0.529221        0.270038         0.46772         1.23191               0         1.05442        0.210024        0.975175        0.179286         1.39537        0.722294
         B         56        ALA        0.206361        0.413355               0               0         1.08291               0         1.66135        0.273079         1.81795        0.240065         2.20612         1.34155
         B         57        GLU        0.280897         0.46633        0.195708        0.415159         1.08077               0         1.39548        0.349165         1.48484        0.361808         2.20612         1.02328
         B         58        LYS        0.490566         0.60752        0.397105        0.582872         1.79482               0         1.09269        0.297335         1.14819        0.299879         1.81618        0.736646
         B         59        THR        0.458037        0.532064        0.311902        0.477435         1.23307               0        0.665854       0.0500654        0.660964       0.0535098        0.722294        0.578769
         B         60        LYS        0.468611        0.578053        0.390957        0.569192         1.69558               0         1.07351        0.286639         1.14077        0.274102         1.63794        0.736646
         B         61        GLU        0.363438        0.516071        0.196156        0.416111         1.23073               0        0.742836       0.0981179        0.731267       0.0968686        0.984738        0.590821
         B         62        GLN        0.320258        0.498038        0.165886        0.389037         1.22973               0         1.21547        0.282883         1.26465        0.294568         1.85476        0.812152
         B         63        VAL         0.40754        0.527979        0.269913        0.467503         1.22523               0         1.56462        0.336242         1.69529        0.284837         2.15754         1.06334
         B         64        THR        0.457862         0.53181         0.31176        0.477235         1.22901               0         0.82565        0.205532        0.737878        0.174836         1.14843        0.603058
         B         65        ASN         0.22442        0.430292        0.107896        0.323687         1.08273               0          1.5843          0.3636         1.73435        0.320813         2.15754         1.06334
         B         66        VAL        0.551111        0.659396        0.562773        0.699972         1.76107               0        0.868741        0.179283        0.811632        0.168654         1.14843        0.566899
         B         67        GLY               0               0               0               0               0               0         1.03457        0.178481         1.17096       0.0184654         1.19366         0.75124
         B         68        GLY        0.175546        0.429998               0               0         1.22882               0        0.658764       0.0909858        0.699026       0.0913823        0.828048        0.555205
         B         69        ALA         0.43761        0.539038        0.179919        0.402311         1.23444               0        0.432411       0.0547554        0.416933       0.0599345         0.52115        0.362075
         B         70        VAL        0.340126        0.506446        0.179742        0.401917         1.22816               0        0.526978       0.0679427        0.545561       0.0651946        0.628106        0.408091
         B         71        VAL        0.518607        0.609748        0.416647         0.61324         1.75971               0        0.580509       0.0978449        0.563055        0.103346        0.722294        0.408091
         B         72        THR        0.301579        0.477386        0.215748        0.431497         1.08308               0         0.79088       0.0606321        0.813791       0.0539896        0.894523        0.694289
         B         73        GLY          0.2947          0.4667               0               0         1.08054               0        0.810601       0.0738861        0.826939       0.0887813         0.94764        0.736646
         B         74        VAL        0.407183        0.527507        0.269464        0.466729         1.22539               0        0.673292       0.0694703        0.669472       0.0628571        0.828048        0.578769
         B         75        THR         0.38902        0.524064        0.215768        0.431537         1.22751               0        0.486816       0.0550185        0.494881       0.0551757        0.566899        0.408091
         B         76        ALA        0.434063        0.534239        0.179214        0.400734         1.21449               0        0.484113       0.0355975         0.49792        0.026161        0.543685         0.41767
         B         77        VAL        0.517609         0.60873        0.415569        0.611863         1.75739               0        0.472321       0.0350076        0.472832        0.036443         0.52115        0.389317
         B         78        ALA        0.436702        0.537709        0.179853        0.402163         1.22558               0        0.471399       0.0502655        0.503431       0.0291189        0.543685        0.380116
         B         79        GLN        0.423368        0.593682        0.395213        0.612824         1.75671               0        0.454691       0.0700653         0.45755       0.0704135        0.578769        0.353231
         B         80        LYS        0.337244        0.494095        0.297515        0.479803         1.08522               0         1.42944         0.55846         1.54491        0.548958         2.59306        0.680625
         B         81        THR        0.311454        0.494624         0.10787        0.323609         1.22373               0         1.27194         0.24495         1.36544        0.221473         1.77863        0.929607
         B         82        VAL        0.340201        0.506471        0.180055        0.402616         1.22486               0        0.673133        0.155529        0.611763        0.129435        0.911904         0.41767
         B         83        GLU        0.363062        0.515449        0.196406        0.416639         1.22668               0         1.59066        0.534073         1.77535        0.508104         2.59306        0.860692
         B         84        GLY        0.470026        0.546906               0               0         1.23032               0         1.37096        0.128805         1.39774        0.170154         1.63794         1.24083
         B         85        ALA        0.231122        0.463489               0               0         1.23153               0         2.49971        0.616617         2.85251        0.560952         3.63106         1.81618
         B         86        GLY        0.140035        0.343014               0               0        0.980245               0         1.50548        0.254725         1.67378       0.0728632         1.74207         1.02328
         B         87        SER        0.484759        0.535116        0.290968        0.461106         1.23651               0        0.915181        0.156499        0.964857        0.136794         1.19366         0.66718
         B         88        ILE        0.436475        0.590566        0.332933        0.572971         1.76236               0        0.628535       0.0531184        0.637676       0.0414103        0.708176        0.510127
         B         89        ALA        0.329025        0.505702               0               0         1.22913               0        0.437979       0.0509981        0.427754        0.054848        0.543685        0.380116
         B         90        ALA        0.437142         0.53839        0.179836        0.402126         1.23031               0        0.451417       0.0567338        0.448635       0.0449528        0.566899        0.362075
         B         91        ALA        0.436561        0.537601        0.179825          0.4021          1.2274               0        0.492264       0.0836925         0.53851       0.0595096        0.603058        0.371036
         B         92        THR        0.482877        0.686185        0.346726        0.707665         2.04918               0        0.427622       0.0486012        0.439001       0.0505342        0.510127        0.362075
         B         93        GLY        0.469636          0.5464               0               0         1.22881               0        0.404421       0.0234744        0.411371       0.0119597         0.42738        0.371036
         B         94        PHE        0.288782        0.505505        0.155017        0.414029         1.40034               0        0.543165       0.0964734        0.560551       0.0990217        0.781175         0.42738
         B         95        VAL        0.517377        0.608313        0.415623        0.611708         1.75507               0         0.52403       0.0964919        0.521526        0.100355        0.640925        0.327373
         B         96        LYS        0.393425        0.521969        0.297617        0.479966         1.23253               0         1.09648        0.418455         1.18645        0.411345         2.20612        0.653949
         B         97        LYS        0.393339        0.521821        0.297656        0.480033         1.23019               0        0.946361        0.160066         0.97119        0.163957         1.34155        0.680625
         B         98        ASP        0.364116        0.517527         0.13458        0.356066         1.23036               0         1.08324        0.169583         1.14593        0.174042         1.45174        0.860692
         B         99        GLN        0.248102        0.447766        0.166042        0.389402         1.07985               0           1.089        0.176295         1.11073        0.188532         1.57281        0.911904
         B        100        LEU        0.343397        0.507132        0.215934        0.431868         1.22996               0         1.72645        0.457639          1.8756        0.389751         2.59306        0.984738
         B        101        GLY         0.29448        0.466386               0               0         1.08088               0        0.976804        0.128688         1.08212        0.103319         1.21699        0.828048
         B        102        LYS        0.438984        0.772955        0.536537        0.823339          2.3336               0        0.999098        0.108595         1.02322        0.105212         1.24083        0.860692
         B        103        ASN         0.24205        0.464684        0.107976        0.323927          1.2312               0         1.53759        0.513186         1.70904        0.512369          2.6561        0.984738
         B        104        GLU        0.571515        0.778867        0.196262        0.416334         2.35212               0         1.04075        0.111082         1.03423        0.111135         1.34155        0.929607
         B        105        GLU        0.588703         0.79931        0.409383        0.737592         2.34501               0         1.13078        0.111592         1.16405         0.10935         1.36815        0.966014
         B        106        GLY        0.695421        0.885311               0               0         2.36399               0        0.997494        0.123665         1.08481        0.127059         1.24083        0.844226
         B        107        ALA        0.328102        0.504358               0               0         1.22972               0         1.16739         0.12788         1.23982       0.0812985         1.34155        0.911904
         B        108        PRO        0.459866        0.665412        0.324123        0.495107          2.1217               0         1.31131        0.170213         1.37843        0.155844         1.63794         1.08398
         B        109        GLN        0.509474        0.641509        0.507709        0.675334         1.76037               0        0.933933        0.167583        0.924885        0.187601         1.26519        0.603058
         B        110        GLU        0.398717        0.587456        0.445548        0.618778         1.76139               0         1.34052        0.195225         1.42525        0.152015         1.67176         1.02328
         B        111        GLY        0.469622        0.546502               0               0         1.23017               0        0.751799       0.0692634        0.709161       0.0407901        0.894523        0.653949
         B        112        ILE        0.661716        0.841995        0.545745        0.829808         2.34482               0         1.08551        0.306389         1.14511        0.318392         1.77863         0.75124
         B        113        LEU        0.424363        0.664424        0.317874        0.665517         2.15213               0        0.798559         0.13218        0.828981        0.132409         1.08398        0.590821
         B        114        GLU        0.363437        0.516071        0.196341        0.416502         1.23177               0         1.15084        0.232547         1.23031        0.219612         1.67176        0.812152
         B        115        ASP          0.8586         1.07525        0.315006        0.833428         2.61981               0         1.00472        0.121756          1.0628       0.0984906         1.26519        0.781175
         B        116        MET        0.517398        0.769643        0.343615        0.686428         2.30915               0         0.83567        0.101702        0.835226        0.113864         1.02328        0.628106
         B        117        PRO        0.675329        0.730069        0.502675        0.644512         2.11846               0         1.06905        0.133747         1.08719         0.13936         1.34155        0.812152
         B        118        VAL         0.27336        0.475597       0.0900165        0.298551         1.23117               0         1.33814        0.224527         1.38079        0.237562         1.74207        0.966014
         B        119        ASP        0.364262        0.517745        0.135007        0.357196         1.23103               0         1.74101        0.384589         1.91963        0.327089         2.47329         1.17081
         B        120        PRO        0.546639        0.677335        0.323929        0.494809         2.10559               0         1.44426        0.258939         1.50719        0.277615         1.93518        0.984738
         B        121        ASP        0.089907        0.298188         0.13486        0.356807         1.07888               0         1.10668        0.133874         1.12088        0.146741         1.34155        0.844226
         B        122        ASN        0.312011         0.49564        0.107979        0.323936         1.22979               0         1.45362        0.376715         1.60376        0.340505         2.36125         0.94764
         B        123        GLU        0.363348        0.515933        0.196256        0.416322         1.23055               0        0.570876        0.170056         0.52707        0.166173        0.966014        0.310676
         B        124        ALA        0.328791        0.505385               0               0         1.22979               0         1.15216        0.181091         1.25986        0.155344         1.45174         0.94764
         B        125        TYR       0.0981825        0.303025               0               0         1.08171               0         2.18008          1.1245         2.44003         1.09839         4.95421        0.984738
         B        126        GLU        0.481212        0.612204        0.356753        0.606514         1.76498               0        0.736972        0.138572        0.773577        0.134717         1.04311         0.52115
         B        127        MET        0.248074        0.447718        0.166024         0.38936         1.07992               0        0.958002        0.383743         1.02387        0.409873         1.93518        0.615485
         B        128        PRO        0.490135        0.569198        0.324303        0.495382         1.30977               0         1.06499        0.279657         1.02527        0.276027         1.54143         0.66718
         B        129        SER        0.701471        0.858417        0.474409        0.838254         2.36046               0         1.23076        0.203493         1.29737        0.219211         1.54143        0.984738
         B        130        GLU        0.363216        0.515764        0.196297        0.416409         1.23063               0         1.30571        0.143238         1.33225        0.148862         1.54143         1.06334
         B        131        GLU        0.363581        0.516265          0.1962        0.416202          1.2312               0        0.865424        0.114098        0.860799         0.13114         1.08398         0.66718
         B        132        GLY        0.294267        0.466047               0               0         1.08004               0         1.04593       0.0777236         1.08212        0.103319         1.21699        0.966014
         B        133        TYR       0.0981807        0.303003               0               0         1.08068               0         1.77277        0.875738         1.97312        0.858124         3.84645        0.877455
         B        134        GLN        0.525665        0.804198        0.165871        0.389001         2.58528               0         1.58466         0.57337         1.74632        0.564095         2.93203        0.984738
         B        135        ASP        0.653751        0.851157        0.432542        0.816915         2.38155               0         1.06451       0.0987555         1.10864       0.0887968         1.26519        0.911904
         B        136        TYR         0.20835        0.431306       0.0634863        0.253945         1.23155               0         1.27986        0.234047          1.3436        0.214912         1.81618        0.984738
         B        137        GLU         0.36338        0.515996        0.196371        0.416566         1.23122               0         1.31053        0.251654         1.35456        0.262804         1.77863        0.929607
         B        138        PRO        0.546665        0.677483        0.323788        0.494595         2.10675               0         1.49636        0.207996         1.44404        0.190603         1.81618         1.06334
         B        139        GLU        0.363055         0.51556        0.196119        0.416031          1.2314               0         2.41721        0.228163          2.4344         0.20809         2.78905         1.97711
         B        140        ALA        0.205859        0.412309               0               0         1.07865               0         3.16018        0.563418         2.76865        0.745142         4.08287         2.47329
