pdb_id: 

  chain id|    res id|  res name|    average DPX|      s_avg DPX|   s-ch avg DPX| s-ch s_avg DPX|        max DPX|        min DPX|     average CX|       s_avg CX|    s-ch avg CX|  s-ch s_avg CX|         max CX|         min CX|
         B         12        LYS               0               0               0               0               0               0         14.4428         1.35603         16.3665               0         16.3665         12.8932
         B         13        GLY               0               0               0               0               0               0         9.54305          1.1636               0               0         11.2587         8.47261
         B         14        GLY               0               0               0               0               0               0         5.56221         0.58269               0               0         6.44277         4.95421
         B         15        ALA               0               0               0               0               0               0          4.4115         0.26245         4.20994               0         4.78882         4.08287
         B         16        LYS        0.136221         0.38529               0               0         1.22599               0         3.93643        0.262147         4.09164        0.215024         4.48415         3.53038
         B         17        ARG               0               0               0               0               0               0         3.68194        0.624109         4.00744        0.553678         4.78882         2.93203
         B         18        HIS               0               0               0               0               0               0         3.18962        0.405676         3.44198        0.320792         3.84645          2.6561
         B         19        ARG        0.111395        0.352263               0               0         1.22535               0         3.95846         1.22778         4.57361         1.14803         6.44277          2.6561
         B         20        LYS               0               0               0               0               0               0         3.17054        0.374255          3.3878        0.366842         4.08287         2.72138
         B         21        VAL               0               0               0               0               0               0         3.01499        0.271551         3.31208       0.0417685         3.34162          2.6561
         B         22        LEU        0.342823        0.598201        0.379096        0.656614         1.51638               0         2.73606        0.153417         2.77642        0.130114         2.93203         2.47329
         B         23        ARG               0               0               0               0               0               0          3.0515         1.14997         3.59349         1.12384         5.94658         1.93518
         B         24        ASP         0.15413         0.40779               0               0         1.23304               0         2.33727        0.480762         2.71441        0.322313         3.25301         1.67176
         B         25        ASN               0               0               0               0               0               0         2.18331        0.589649         2.69701        0.388083         3.25301         1.51081
         B         26        ILE        0.490379         0.87647               0               0         2.39411               0        0.800539        0.217315        0.665982        0.121386         1.21699        0.532335
         B         27        GLN        0.441885        0.855208               0               0         2.45306               0         1.20339        0.128197         1.20235        0.140779         1.42323         1.08398
         B         28        GLY               0               0               0               0               0               0         1.45796        0.123166               0               0         1.60497         1.29008
         B         29        ILE           1.045        0.862571        0.773748        0.773806         2.40979               0        0.657243        0.157289        0.619707        0.184379        0.911904         0.41767
         B         30        THR        0.716257        0.869482               0               0         2.24657               0        0.877318        0.272611         1.16997        0.122509         1.34155        0.543685
         B         31        LYS         0.72857         1.07528               0               0         2.69323               0         1.10899        0.572669         1.42481        0.601992         2.47329        0.628106
         B         32        PRO        0.771383        0.932111               0               0         2.39222               0         1.21423        0.197969         1.42603       0.0817714         1.51081         1.00382
         B         33        ALA        0.542683        0.668273               0               0         1.46662               0        0.799509        0.103386        0.894523               0        0.894523         0.66718
         B         34        ILE         1.63743         1.09313         1.79861         1.18752         3.14156               0        0.365822       0.0984125        0.275731       0.0382573         0.52115        0.233121
         B         35        ARG        0.488244        0.828696               0               0         2.40033               0         1.01305        0.471369         1.24405        0.447132         1.77863        0.543685
         B         36        ARG        0.131596        0.416145               0               0         1.44756               0          1.3804        0.344637         1.58045        0.237781         2.02025         0.79653
         B         37        LEU        0.166431        0.440334               0               0         1.33144               0         1.07141         0.24818         1.02438        0.279563         1.48092        0.781175
         B         38        ALA        0.793491         1.01119               0               0         2.42547               0        0.908511          0.2202        0.640925               0         1.26519        0.640925
         B         39        ARG        0.132276        0.418292               0               0         1.45503               0         1.31191        0.234009         1.25565        0.133787         1.85476         1.04311
         B         40        ARG               0               0               0               0               0               0         3.01595        0.940492         3.48569        0.804869         4.78882         1.57281
         B         41        GLY               0               0               0               0               0               0         2.42258        0.344132               0               0         2.93203         1.97711
         B         42        GLY               0               0               0               0               0               0         2.56365        0.244566               0               0         2.93203         2.25621
         B         43        VAL        0.583733        0.678655        0.507956        0.718358         1.52387               0         1.56296        0.201469          1.4127        0.201741         1.85476         1.14843
         B         44        LYS               0               0               0               0               0               0         3.13515         1.28715         3.98076         1.16956         6.18612         1.97711
         B         45        ARG               0               0               0               0               0               0         3.88594         1.90628         5.06467         1.37063         7.68323         1.60497
         B         46        ILE        0.191141        0.505712        0.382282        0.662132         1.52913               0         1.17415        0.496049        0.715795         0.13783         1.97711        0.555205
         B         47        SER        0.204591         0.45748               0               0         1.22755               0         1.93677        0.407051         2.20423        0.269058         2.47329         1.19366
         B         48        GLY               0               0               0               0               0               0         1.74038        0.257546               0               0         2.02025         1.36815
         B         49        LEU        0.181268        0.479591               0               0         1.45015               0          2.1332        0.690704         2.73607        0.421481         3.34162         1.26519
         B         50        ILE         1.36462         1.17065        0.381423        0.660645         2.87161               0        0.930674        0.264631        0.975066        0.306525         1.34155        0.543685
         B         51        TYR         1.40246         1.08515        0.943004         1.00899         2.82053               0        0.579946        0.151633        0.620608        0.153669        0.828048        0.398641
         B         52        GLU        0.162832        0.460559               0               0         1.46549               0         1.39569        0.689735         1.90316        0.522617          2.6561        0.653949
         B         53        GLU        0.137513        0.388945               0               0         1.23761               0         1.50683        0.463365         1.86522        0.296198         2.15754         0.94764
         B         54        THR        0.768138        0.932856        0.475093        0.671883         2.41314               0        0.559989       0.0876955        0.486219       0.0418479        0.736646         0.42738
         B         55        ARG         1.07551        0.881989        0.609472        0.705293         2.45164               0        0.524717       0.0738631        0.524924       0.0905758        0.680625        0.380116
         B         56        GLY        0.308185        0.533792               0               0         1.23274               0        0.915384       0.0799808               0               0        0.984738        0.781175
         B         57        VAL        0.175139        0.429001               0               0         1.22597               0         1.22941        0.277732         1.50586        0.189372         1.67176         0.94764
         B         58        LEU        0.868559        0.912748        0.382121        0.661854         2.42197               0        0.828471        0.091726         0.82729        0.117974         1.02328        0.708176
         B         59        LYS        0.301129        0.566248               0               0         1.47623               0        0.951298        0.185214         1.03197        0.209576         1.39537        0.781175
         B         60        VAL        0.721031        0.874954               0               0          2.2594               0         1.14018        0.192256          1.3452        0.091364         1.42323        0.894523
         B         61        PHE        0.359928        0.786621               0               0         2.42338               0        0.811658        0.107285        0.827083       0.0488665        0.984738        0.578769
         B         62        LEU          1.3368         1.11379        0.380236        0.658587           2.788               0        0.891596        0.166454          1.0252        0.119759         1.21699        0.653949
         B         63        GLU        0.298316        0.560615               0               0         1.45499               0         1.07371        0.227374         1.24693        0.156843         1.48092        0.828048
         B         64        ASN         1.19994         1.28302               0               0         3.32011               0        0.775282         0.24169         0.95891        0.169177         1.10503        0.437224
         B         65        VAL         1.73297         1.17734        0.498739        0.705323         3.00777               0        0.299969       0.0533147        0.302922       0.0237708        0.408091        0.233121
         B         66        ILE        0.629807        0.850042               0               0         2.24743               0        0.710639        0.244852         0.91056        0.197691         1.14843        0.467588
         B         67        ARG         0.11176        0.353417               0               0         1.22936               0         1.17358        0.439441         1.46578         0.25243         1.85476        0.578769
         B         68        ASP        0.491745        0.637844         0.31222        0.540781         1.45375               0        0.454104        0.155277        0.565015        0.139433         0.75124        0.270717
         B         69        ALA         1.91229         1.10292               0               0          3.2548               0        0.235066       0.0242246        0.240461               0        0.263015        0.190843
         B         70        VAL        0.744175        0.923783               0               0         2.44571               0        0.643832        0.178773        0.821944       0.0905015        0.929607        0.371036
         B         71        THR        0.763458         0.92465               0               0         2.38302               0        0.837509        0.188039         1.00738        0.140382         1.17081        0.590821
         B         72        TYR        0.353773        0.612997        0.347765        0.602358         1.46317               0        0.448641        0.162507        0.444698        0.190733        0.766081        0.184077
         B         73        THR           1.356        0.989369        0.475743        0.672803          2.7638               0         0.57506        0.153017        0.546606        0.151499        0.781175        0.380116
         B         74        GLU        0.161945        0.458048               0               0          1.4575               0         1.28356         0.36973         1.45289        0.366966         1.81618        0.736646
         B         75        HIS        0.132816        0.398448               0               0         1.32816               0         1.85583         0.47414         2.06145         0.46899         2.78905         1.17081
         B         76        ALA               0               0               0               0               0               0         1.30827        0.311542        0.844226               0         1.74207        0.844226
         B         77        LYS        0.147823        0.418107               0               0         1.33041               0         3.10539         1.67932         4.13334         1.62562         7.01529         1.54143
         B         78        ARG         0.32947        0.728734        0.517739         0.85851         2.29599               0          1.1675        0.258708         1.09476        0.290584         1.51081        0.736646
         B         79        LYS               0               0               0               0               0               0         3.45236         2.76708          4.9288         2.97884         10.5776         1.54143
         B         80        THR        0.509954         0.84262               0               0         2.24262               0         1.91274         0.70835         2.67103        0.239231         3.00764        0.984738
         B         81        VAL        0.208189        0.509957               0               0         1.45732               0         0.98834        0.294003        0.732841       0.0993122         1.54143        0.603058
         B         82        THR        0.366526        0.579968               0               0         1.32504               0        0.959932        0.221941         1.05528        0.228932         1.34155        0.603058
         B         83        ALA        0.246691        0.493382               0               0         1.23345               0         1.05732        0.249058         1.42323               0         1.42323        0.736646
         B         84        MET        0.897375         1.24492               0               0         3.26979               0         1.09386        0.392285         1.43381        0.242957         1.67176        0.590821
         B         85        ASP         2.39469         1.18763         1.47471        0.958776         3.83224               0         0.38538       0.0956737        0.384187       0.0497376        0.578769        0.240461
         B         86        VAL         1.37851         1.27275               0               0         3.16726               0        0.347394        0.118179           0.463       0.0582794        0.543685        0.177387
         B         87        VAL         1.15208         1.12149        0.501816        0.709674          2.9133               0        0.507768        0.135756        0.653021       0.0757414         0.75124        0.371036
         B         88        TYR        0.224533        0.504385               0               0         1.46541               0        0.965144        0.563349         1.23213        0.511121         2.20612        0.371036
         B         89        ALA         2.99011        0.521019         3.83036               0         3.83036         2.25453        0.233574       0.0635594        0.126473               0        0.318972        0.126473
         B         90        LEU         1.33215         1.10894        0.377191        0.653315         2.75125               0        0.424892        0.119934        0.395843       0.0502753         0.66718        0.263015
         B         91        LYS        0.298098        0.559758               0               0          1.4434               0         1.32884        0.702131         1.71316        0.715795         2.85921        0.543685
         B         92        ARG        0.111307        0.351982               0               0         1.22437               0         1.23302        0.425756         1.33923        0.474201         2.36125        0.766081
         B         93        GLN        0.330776        0.618991        0.303779        0.607557         1.51889               0          0.7873        0.207667         0.64709        0.100202         1.17081        0.499263
         B         94        GLY               0               0               0               0               0               0         1.64887        0.366351               0               0         2.15754         1.12651
         B         95        ARG               0               0               0               0               0               0         1.94846         1.02097         2.40833         1.02422         3.96185        0.966014
         B         96        THR         0.17566        0.430277               0               0         1.22962               0         1.60676        0.299622         1.93673       0.0675713         2.02025         1.24083
         B         97        LEU        0.343051        0.598332         0.37823        0.655113         1.51292               0         1.18087        0.218918         1.13981         0.25911         1.54143        0.894523
         B         98        TYR               0               0               0               0               0               0         3.70892         1.15728          4.2919        0.961821         5.94658         1.93518
         B         99        GLY               0               0               0               0               0               0         3.24147        0.207529               0               0         3.53038         3.00764
         B        100        PHE        0.139086        0.417257         0.23181        0.518342         1.39086               0         2.12447        0.398923         2.29145        0.421014         2.93203         1.67176
