1	0.6884	0.5010
2	0.6705	0.5112
3	0.7300	0.5004
4	0.7510	0.5280
5	0.6534	0.5692
6	0.7073	0.5111
7	0.6425	0.5691
8	0.6338	0.6316
9	0.6406	0.7278
10	0.5523	0.7921
11	0.5775	0.7894
12	0.5730	0.6975
13	0.5439	0.6737
14	0.5981	0.7102
15	0.5709	0.7786
16	0.6361	0.7178
17	0.5710	0.7053
18	0.6257	0.7664
19	0.6097	0.8183
20	0.5765	0.7565
21	0.6074	0.6689
22	0.5713	0.8432
23	0.5480	0.7551
24	0.5899	0.7769
25	0.5650	0.5768
26	0.7004	0.5008
27	0.6704	0.5432
28	0.7986	0.5000
29	0.5709	0.5251
30	0.6675	0.5249
31	0.7997	0.5190
32	0.5795	0.7489
33	0.6322	0.5530
34	0.6530	0.7143
35	0.6273	0.7156
36	0.6188	0.5041
37	0.5640	0.5965
38	0.6007	0.6282
39	0.7610	0.5542
40	0.7853	0.5000
41	0.8443	0.5000
42	0.8635	0.5000
43	0.9827	0.5000
44	0.7564	0.5027
45	0.9497	0.5000
46	0.7196	0.5146
47	0.5872	0.5911
48	0.5702	0.5056
49	0.5822	0.5890
50	0.7298	0.5000
51	0.8308	0.5000
52	0.9397	0.5000
53	0.9040	0.5000
54	0.8925	0.5009
55	0.6297	0.5232
56	0.7154	0.5035
57	0.6917	0.5116
58	0.6248	0.5726
59	0.7389	0.5066
60	0.6208	0.6729
61	0.5890	0.6916
62	0.7013	0.5095
63	0.7110	0.5240
64	0.5698	0.7435
65	0.6916	0.6145
66	0.6045	0.5899
67	0.8419	0.5000
68	0.7374	0.5000
69	0.7945	0.5000
70	0.5994	0.6237
71	0.5931	0.6242
72	0.7946	0.5000
73	0.7314	0.5162
74	0.6917	0.5732
75	0.5981	0.5537
76	0.6130	0.5612
77	0.6835	0.5833
78	0.5999	0.8497
79	0.6625	0.7135
80	0.5570	0.8904
