1	0.5561	0.9714
2	0.5428	0.8592
3	0.5843	0.7378
4	0.5410	0.8247
5	0.5794	0.8004
6	0.5971	0.7965
7	0.6154	0.6847
8	0.5712	0.8290
9	0.6187	0.7051
10	0.5852	0.7915
11	0.6632	0.7505
12	0.5970	0.8211
13	0.5899	0.6866
14	0.5818	0.8279
15	0.6158	0.8486
16	0.5679	0.7866
17	0.5575	0.6776
18	0.5816	0.7026
19	0.5815	0.7132
20	0.5898	0.7963
21	0.6520	0.6577
22	0.5774	0.7128
23	0.6496	0.7974
24	0.5617	0.7538
25	0.6153	0.6383
26	0.5490	0.8192
27	0.5816	0.8353
28	0.5898	0.8635
29	0.6076	0.8230
30	0.5819	0.8511
31	0.5353	0.7985
32	0.5970	0.8111
33	0.5774	0.7931
34	0.5834	0.8511
35	0.5899	0.7617
36	0.5439	0.7647
37	0.5846	0.8150
38	0.5714	0.7685
39	0.5392	0.7563
40	0.5677	0.8365
41	0.5352	0.8350
42	0.5923	0.7433
43	0.5970	0.8245
44	0.5961	0.7455
45	0.5836	0.7438
46	0.5897	0.7415
47	0.6157	0.6394
48	0.6008	0.6710
49	0.5842	0.6448
50	0.5482	0.7738
51	0.5731	0.6866
52	0.6269	0.7967
53	0.6075	0.7485
54	0.5962	0.8434
55	0.6007	0.7416
56	0.5514	0.8404
57	0.5698	0.8015
58	0.6202	0.7489
59	0.6125	0.6606
60	0.6151	0.7453
61	0.5899	0.6776
62	0.5794	0.7713
63	0.6005	0.8270
64	0.6125	0.6954
65	0.5559	0.8298
66	0.6344	0.7045
67	0.5000	0.7378
68	0.5438	0.6590
69	0.6077	0.6064
70	0.5842	0.6288
71	0.6268	0.6412
72	0.5748	0.6880
73	0.5731	0.6922
74	0.6004	0.6622
75	0.5960	0.6194
76	0.6068	0.6187
77	0.6266	0.6159
78	0.6075	0.6157
79	0.6043	0.6118
80	0.5835	0.8068
81	0.5772	0.7811
82	0.5842	0.6622
83	0.5898	0.8307
84	0.6154	0.7975
85	0.5575	0.9241
86	0.5350	0.8184
87	0.6189	0.7141
88	0.6074	0.6522
89	0.5815	0.6078
90	0.6076	0.6110
91	0.6074	0.6206
92	0.6184	0.6053
93	0.6153	0.5997
94	0.5717	0.6325
95	0.6265	0.6281
96	0.5971	0.7496
97	0.5971	0.7204
98	0.5900	0.7471
99	0.5617	0.7482
100	0.5850	0.8490
101	0.5731	0.7265
102	0.6080	0.7309
103	0.5602	0.8231
104	0.6391	0.7390
105	0.6431	0.7560
106	0.6672	0.7306
107	0.5813	0.7627
108	0.6130	0.7877
109	0.6247	0.7179
110	0.5984	0.7926
111	0.6153	0.6796
112	0.6596	0.7475
113	0.6045	0.6897
114	0.5899	0.7597
115	0.7024	0.7320
116	0.6265	0.6976
117	0.6627	0.7444
118	0.5679	0.7922
119	0.5901	0.8508
120	0.6334	0.8091
121	0.5225	0.7515
122	0.5774	0.8106
123	0.5899	0.6390
124	0.5815	0.7599
125	0.5245	0.8984
126	0.6180	0.6763
127	0.5617	0.7227
128	0.6201	0.7436
129	0.6685	0.7740
130	0.5898	0.7868
131	0.5899	0.7038
132	0.5730	0.7400
133	0.5245	0.8548
134	0.6285	0.8299
135	0.6579	0.7436
136	0.5519	0.7824
137	0.5899	0.7876
138	0.6334	0.8170
139	0.5898	0.9181
140	0.5513	0.9593
