12	0.5000	1.0000
13	0.5000	0.9999
14	0.5000	0.9962
15	0.5000	0.9880
16	0.5340	0.9809
17	0.5000	0.9754
18	0.5000	0.9604
19	0.5278	0.9813
20	0.5000	0.9597
21	0.5000	0.9532
22	0.5849	0.9391
23	0.5000	0.9548
24	0.5385	0.9119
25	0.5000	0.8987
26	0.6202	0.6901
27	0.6087	0.7691
28	0.5000	0.8112
29	0.7398	0.6586
30	0.6718	0.7063
31	0.6745	0.7519
32	0.6838	0.7710
33	0.6324	0.6899
34	0.8372	0.5904
35	0.6197	0.7336
36	0.5329	0.7991
37	0.5415	0.7449
38	0.6886	0.7127
39	0.5330	0.7878
40	0.5000	0.9533
41	0.5000	0.9185
42	0.5000	0.9285
43	0.6419	0.8268
44	0.5000	0.9583
45	0.5000	0.9799
46	0.5476	0.7639
47	0.5510	0.8740
48	0.5000	0.8507
49	0.5452	0.8941
50	0.7965	0.7172
51	0.8026	0.6411
52	0.5406	0.8015
53	0.5343	0.8186
54	0.6831	0.6364
55	0.7456	0.6283
56	0.5764	0.7141
57	0.5437	0.7737
58	0.7044	0.6960
59	0.5747	0.7214
60	0.6728	0.7577
61	0.5890	0.6925
62	0.7920	0.7092
63	0.5740	0.7453
64	0.7685	0.6847
65	0.8498	0.5744
66	0.6524	0.6705
67	0.5279	0.7638
68	0.6205	0.6116
69	0.8713	0.5585
70	0.6779	0.6556
71	0.6821	0.6979
72	0.5875	0.6103
73	0.7951	0.6399
74	0.5404	0.7831
75	0.5332	0.8648
76	0.5000	0.7872
77	0.5369	0.9571
78	0.5816	0.7627
79	0.5000	0.9693
80	0.6248	0.8713
81	0.5519	0.7288
82	0.5906	0.7231
83	0.5614	0.7422
84	0.7104	0.7491
85	0.9164	0.5952
86	0.7988	0.5860
87	0.7599	0.6243
88	0.5559	0.7242
89	0.9521	0.5581
90	0.7912	0.6047
91	0.5740	0.7906
92	0.5278	0.7743
93	0.5819	0.6873
94	0.5000	0.8387
95	0.5000	0.8753
96	0.5438	0.8330
97	0.5849	0.7651
98	0.5000	0.9761
99	0.5000	0.9624
100	0.5347	0.8933
