12	92.54
13	77.21
14	78.92
15	78.94
16	73.05
17	62.93
18	55.85
19	66.96
20	61.44
21	59.85
22	53.53
23	58.79
24	63.00
25	45.50
26	41.72
27	48.44
28	44.27
29	44.93
30	34.40
31	42.15
32	40.25
33	43.03
34	42.24
35	40.41
36	36.59
37	37.39
38	40.28
39	37.88
40	42.67
41	37.86
42	34.99
43	43.23
44	49.05
45	51.55
46	47.15
47	53.54
48	60.03
49	48.98
50	38.75
51	46.54
52	50.90
53	35.19
54	38.87
55	44.64
56	31.94
57	45.10
58	42.32
59	47.28
60	38.54
61	39.66
62	45.48
63	47.54
64	49.42
65	48.74
66	44.68
67	50.45
68	54.37
69	52.70
70	52.24
71	53.85
72	55.43
73	57.75
74	75.43
75	72.25
76	63.58
77	64.99
78	70.39
79	61.33
80	50.78
81	48.88
82	52.35
83	52.23
84	52.66
85	52.27
86	42.25
87	49.03
88	56.27
89	49.76
90	51.16
91	52.17
92	61.91
93	72.65
94	88.10
95	94.37
96	03.61
97	98.32
98	21.11
99	22.21
100	16.93
